JOB 0
COORDS  3.5519873555e-01 -4.1739642572e-01 -2.1680146380e-01  8.4034076648e-02  8.9491735229e-01 -9.1909317301e-01  1.3280399140e+00 -1.1146448486e+00 -3.4702925014e-01 -4.5680339535e-01 -1.9368809862e+00  1.3310602353e+00 -7.0106104940e-01 -6.9039511229e-01  6.2101838711e-01  1.5456284707e-01  7.2836169330e-01 -1.9966853508e+00 -8.9344173105e-01  1.3104321508e+00 -6.7069443211e-01  8.6621823061e-01  1.6041120935e+00 -6.3558908582e-01 -1.3662345810e+00 -2.0873965484e+00  1.6531655086e+00
ENERGY -3.042673058809e+02

JOB 1
COORDS  3.5175938002e-01 -4.1344883252e-01 -2.0388687280e-01  8.1841065742e-02  8.9190647684e-01 -9.1954928143e-01  1.3140602956e+00 -1.1221786016e+00 -3.4672035353e-01 -4.4391836948e-01 -1.8814972570e+00  1.4087908588e+00 -6.8987870412e-01 -6.5782222292e-01  6.6427956075e-01  1.2776915493e-01  7.0939016111e-01 -1.9959006445e+00 -8.8472513462e-01  1.3231769236e+00 -6.5605219923e-01  8.7854113269e-01  1.5951011952e+00 -6.6271156105e-01 -1.3716213404e+00 -2.1545667528e+00  1.5427253251e+00
ENERGY -3.042673066746e+02

JOB 2
COORDS  3.3624504192e-01 -4.3072855870e-01 -2.5144094364e-01  1.0101147860e-01  8.9414146737e-01 -9.4264646966e-01  1.2314020374e+00 -1.2055993566e+00 -4.6622839602e-01 -4.0724486473e-01 -1.8044081709e+00  1.4743510574e+00 -6.4616687788e-01 -5.9822289340e-01  7.0417163771e-01  2.6742948802e-01  7.5910259233e-01 -2.0129580157e+00 -8.9977502446e-01  1.2882576942e+00 -7.5995872698e-01  8.3849232402e-01  1.6115715607e+00 -5.7052013832e-01 -1.3138339824e+00 -2.1664129350e+00  1.4792763319e+00
ENERGY -3.042674039477e+02

JOB 3
COORDS  3.1856516252e-01 -4.2944908229e-01 -2.3981602630e-01  1.0279269968e-01  8.9154677392e-01 -9.4378248084e-01  1.1904411389e+00 -1.2289497297e+00 -4.5930731374e-01 -4.2203488093e-01 -1.7399057975e+00  1.5430239769e+00 -6.5705245529e-01 -5.6369311728e-01  7.3179588406e-01  2.5945766617e-01  7.4384287315e-01 -2.0138167380e+00 -8.8918672823e-01  1.3054322888e+00 -7.5685649966e-01  8.5531266089e-01  1.5990838570e+00 -5.8277219416e-01 -1.2477047543e+00 -2.2320632736e+00  1.3716385228e+00
ENERGY -3.042676520436e+02

JOB 4
COORDS  2.9197158404e-01 -4.2814885155e-01 -2.2747824375e-01  1.0599834409e-01  8.8968689065e-01 -9.4427311278e-01  1.1379144427e+00 -1.2552628760e+00 -4.4797396245e-01 -4.5422132277e-01 -1.6783073847e+00  1.6001994684e+00 -6.8264320591e-01 -5.3115464560e-01  7.5094417202e-01  2.5568223549e-01  7.2955477095e-01 -2.0134795780e+00 -8.7514079339e-01  1.3282973375e+00 -7.5672746509e-01  8.7597436921e-01  1.5823254921e+00 -5.9103504230e-01 -1.1416911646e+00 -2.2906100538e+00  1.2735591569e+00
ENERGY -3.042680404049e+02

JOB 5
COORDS  2.5795396150e-01 -4.2879204528e-01 -2.1478212356e-01  1.0819444010e-01  8.8701225969e-01 -9.4169059570e-01  1.0743651281e+00 -1.2875382725e+00 -4.3126058818e-01 -5.0335003449e-01 -1.6275775785e+00  1.6427817288e+00 -7.1883070901e-01 -5.0319335041e-01  7.6311421598e-01  2.5389688683e-01  7.1668981148e-01 -2.0098022462e+00 -8.6088789735e-01  1.3525606683e+00 -7.5634874354e-01  8.9599179370e-01  1.5611262826e+00 -5.9168200907e-01 -1.0056474297e+00 -2.3343389725e+00  1.1913932716e+00
ENERGY -3.042685547416e+02

JOB 6
COORDS  2.2284290539e-01 -4.2777579220e-01 -2.0534276631e-01  1.1358730623e-01  8.8542493973e-01 -9.4165825239e-01  1.0112052721e+00 -1.3161619917e+00 -4.1580085588e-01 -5.6095977940e-01 -1.5902999704e+00  1.6643989195e+00 -7.5745549122e-01 -4.7818886463e-01  7.6629786250e-01  2.5341700777e-01  7.0463139216e-01 -2.0088392178e+00 -8.4087012890e-01  1.3808462221e+00 -7.5803916839e-01  9.2156467401e-01  1.5374961917e+00 -5.9573798305e-01 -8.4592973509e-01 -2.3527075919e+00  1.1213295633e+00
ENERGY -3.042692364143e+02

JOB 7
COORDS  1.8578557783e-01 -4.2776829376e-01 -1.9626157207e-01  1.1677512266e-01  8.8283198198e-01 -9.3945883844e-01  9.5048489122e-01 -1.3417351207e+00 -3.9866463197e-01 -6.2775859133e-01 -1.5732160927e+00  1.6672121367e+00 -7.9895331939e-01 -4.6083789003e-01  7.6422924528e-01  2.4737534392e-01  6.9247571008e-01 -2.0062038306e+00 -8.2126743118e-01  1.4083144935e+00 -7.5515039529e-01  9.4619685715e-01  1.5106295525e+00 -5.9940996488e-01 -6.7764687873e-01 -2.3463535124e+00  1.0671857174e+00
ENERGY -3.042702021885e+02

JOB 8
COORDS  1.4745992362e-01 -4.3121422696e-01 -1.8513122375e-01  1.1592798932e-01  8.7659849669e-01 -9.3259978631e-01  8.9407674900e-01 -1.3660011450e+00 -3.7761902675e-01 -7.0345221071e-01 -1.5794237382e+00  1.6532140554e+00 -8.4151578860e-01 -4.5179918342e-01  7.6308942932e-01  2.3392071171e-01  6.7798698621e-01 -1.9994083909e+00 -8.0482585819e-01  1.4305551608e+00 -7.4489464460e-01  9.6675868328e-01  1.4794654810e+00 -6.0062210879e-01 -5.1852039152e-01 -2.3171914877e+00  1.0315126751e+00
ENERGY -3.042715381819e+02

JOB 9
COORDS  9.9064064131e-02 -4.2329507413e-01 -1.2668609323e-01  8.6497486525e-02  8.6815504566e-01 -9.0025088706e-01  8.9242281092e-01 -1.3361714415e+00 -2.4202681227e-01 -8.7976541063e-01 -1.6266180427e+00  1.6037619211e+00 -9.5691254751e-01 -4.7598142306e-01  7.3545453592e-01  8.6654985538e-02  6.3889158025e-01 -1.9685237408e+00 -7.7590029100e-01  1.4860506681e+00 -6.4799592599e-01  1.0069423263e+00  1.4125846678e+00 -6.7190234260e-01 -4.0462951749e-01 -2.2775133094e+00  1.0359386498e+00
ENERGY -3.042730958712e+02

JOB 10
COORDS  7.8043875289e-02 -4.2669777884e-01 -1.2710877353e-01  8.9580742836e-02  8.6551032379e-01 -8.9699312398e-01  8.5939036818e-01 -1.3532255371e+00 -2.4179789550e-01 -9.3781651579e-01 -1.6569850145e+00  1.5560974216e+00 -9.6635892165e-01 -4.6426935023e-01  7.4322354531e-01  7.8147631065e-02  6.3707969865e-01 -1.9654641335e+00 -7.5961648691e-01  1.4992728698e+00 -6.3942011716e-01  1.0221368879e+00  1.3910947971e+00 -6.7413657112e-01 -2.9108501641e-01 -2.2147853731e+00  1.0565838107e+00
ENERGY -3.042744378794e+02

JOB 11
COORDS  2.5781227960e-02 -4.3878377358e-01 -5.3384587685e-02  5.7866771579e-02  8.4850131408e-01 -8.3000767654e-01  8.0141696739e-01 -1.3729876230e+00 -1.5421674930e-01 -1.0522003131e+00 -1.6865109544e+00  1.5749013898e+00 -1.0128364502e+00 -4.5537903551e-01  8.2183804826e-01  3.0310318122e-03  6.1286056477e-01 -1.8958913270e+00 -7.6319117422e-01  1.5102542230e+00 -5.5249410293e-01  1.0141882652e+00  1.3438144326e+00 -6.4290024579e-01 -2.6802925218e-01 -2.1625002834e+00  1.1998985464e+00
ENERGY -3.042749698518e+02

JOB 12
COORDS  7.7315626903e-02 -4.3313388080e-01 -7.4368559639e-02  8.8271595458e-02  8.5544607175e-01 -8.5014987572e-01  9.0011585162e-01 -1.3286016038e+00 -1.3129191409e-01 -1.0823651234e+00 -1.7650098586e+00  1.4294229120e+00 -9.9901425683e-01 -4.9106394726e-01  7.5521153113e-01 -8.3252587743e-02  6.2375526519e-01 -1.9053027013e+00 -6.8094887044e-01  1.5452772981e+00 -5.0118720785e-01  1.0766192061e+00  1.3114533200e+00 -7.6001784665e-01 -1.7707692964e-01 -2.1291843816e+00  1.2657269955e+00
ENERGY -3.042744322611e+02

JOB 13
COORDS  8.6517896890e-02 -4.4033928470e-01 -9.7462498719e-02  9.0780874416e-02  8.6121754301e-01 -8.5350675899e-01  9.0918770589e-01 -1.3313002806e+00 -1.7041186858e-01 -1.1103065850e+00 -1.8022645428e+00  1.3551517210e+00 -9.8207534723e-01 -4.9843572448e-01  7.4917813304e-01 -9.9452332034e-02  6.4445825992e-01 -1.9087335318e+00 -6.7094724123e-01  1.5486336628e+00 -4.8385098141e-01  1.0820106540e+00  1.3126516947e+00 -7.7380103442e-01 -1.7218584522e-01 -2.1036927247e+00  1.3864470337e+00
ENERGY -3.042731067578e+02

JOB 14
COORDS  1.0271917050e-01 -4.5103640093e-01 -1.1665327961e-01  9.2956020299e-02  8.6486408200e-01 -8.5061671057e-01  9.2732153997e-01 -1.3338661339e+00 -2.1120162589e-01 -1.1180369327e+00 -1.8388646189e+00  1.2999191407e+00 -9.6298427920e-01 -5.1694882516e-01  7.4216968360e-01 -1.2412417701e-01  6.6522015207e-01 -1.9041424644e+00 -6.5805217687e-01  1.5486067806e+00 -4.5314142025e-01  1.0871782335e+00  1.3121766682e+00 -7.8841677140e-01 -1.9623816127e-01 -2.0742134635e+00  1.5446666911e+00
ENERGY -3.042715374722e+02

JOB 15
COORDS  1.1984566284e-01 -4.6296231957e-01 -1.4618186011e-01  9.4184150645e-02  8.7050808504e-01 -8.5055808832e-01  9.4536341892e-01 -1.3370266660e+00 -2.7086290089e-01 -1.1092438966e+00 -1.8778715200e+00  1.2445744594e+00 -9.4584905014e-01 -5.4343131347e-01  7.2090315218e-01 -1.4574352146e-01  6.9356288878e-01 -1.9032146157e+00 -6.4805752222e-01  1.5460308676e+00 -4.2349659010e-01  1.0896887190e+00  1.3162393627e+00 -8.0016162146e-01 -2.5620137421e-01 -2.0361705804e+00  1.7001077765e+00
ENERGY -3.042701938905e+02

JOB 16
COORDS  1.3891091232e-01 -4.7565564570e-01 -1.7602274513e-01  9.4197120779e-02  8.7508045661e-01 -8.4879137199e-01  9.6601920575e-01 -1.3390562140e+00 -3.3587244296e-01 -1.0766609423e+00 -1.9203334297e+00  1.2013388609e+00 -9.2531682090e-01 -5.7653342239e-01  6.9822141040e-01 -1.7026087845e-01  7.2214522635e-01 -1.8993560195e+00 -6.3841338926e-01  1.5401858884e+00 -3.8986154152e-01  1.0902648977e+00  1.3207088358e+00 -8.1146100486e-01 -3.4375143125e-01 -1.9882512873e+00  1.8460380023e+00
ENERGY -3.042692246205e+02

JOB 17
COORDS  1.5995507289e-01 -4.8658595445e-01 -2.0130498015e-01  9.1885166712e-02  8.7859554269e-01 -8.4472116314e-01  9.9144807578e-01 -1.3364777346e+00 -3.9425175971e-01 -1.0252640024e+00 -1.9643132206e+00  1.1693748746e+00 -9.0261569535e-01 -6.1299861652e-01  6.7651833424e-01 -2.0779074009e-01  7.4766958111e-01 -1.8888212284e+00 -6.2496516538e-01  1.5343951392e+00 -3.4883867107e-01  1.0889266244e+00  1.3231309381e+00 -8.3105507170e-01 -4.6383145609e-01 -1.9385062535e+00  1.9691911868e+00
ENERGY -3.042685463082e+02

JOB 18
COORDS  2.8437211244e-01 -4.0430481965e-01 -1.6419974088e-01  7.8247111088e-02  9.0361433213e-01 -8.9374995561e-01  1.3140435260e+00 -1.0199831949e+00 -6.8843642634e-02 -8.4521837804e-01 -2.1210402014e+00  9.4744197938e-01 -9.2631825173e-01 -7.9215651437e-01  3.8469436419e-01  1.4295626571e-01  7.0844548983e-01 -1.9682447322e+00 -8.8918183863e-01  1.3556012412e+00 -6.7106997859e-01  8.8780897303e-01  1.5846691756e+00 -6.2373018748e-01 -8.1926136271e-01 -1.9164783049e+00  1.9022891112e+00
ENERGY -3.042680326771e+02

JOB 19
COORDS  3.1146499079e-01 -4.0555306402e-01 -1.7849598183e-01  7.6714725013e-02  9.0607340275e-01 -8.9399812914e-01  1.3454646929e+00 -1.0178296817e+00 -1.1921478836e-01 -7.6088072301e-01 -2.1224339801e+00  9.8178109824e-01 -8.8275011827e-01 -8.0441965118e-01  3.9454330460e-01  1.1685005945e-01  7.1981614811e-01 -1.9711952761e+00 -8.8746475383e-01  1.3509392111e+00 -6.4425726254e-01  8.8825577851e-01  1.5902838040e+00 -6.3815219268e-01 -9.7460408998e-01 -1.9144292937e+00  1.9115112412e+00
ENERGY -3.042676506867e+02

JOB 20
COORDS  3.3132205871e-01 -4.0403288077e-01 -1.8640905442e-01  7.4003464406e-02  9.0748354360e-01 -8.9510443760e-01  1.3673569129e+00 -1.0154159351e+00 -1.5954162673e-01 -6.8001618502e-01 -2.1111221875e+00  1.0304850077e+00 -8.4353835153e-01 -8.0657207420e-01  4.1674762800e-01  8.9477897245e-02  7.2342499381e-01 -1.9732503517e+00 -8.8479600732e-01  1.3499463741e+00 -6.2141180920e-01  8.8937679810e-01  1.5936413964e+00 -6.5705662520e-01 -1.1147256328e+00 -1.9344473055e+00  1.8865290761e+00
ENERGY -3.042674099018e+02

JOB 21
COORDS  3.4762456392e-01 -3.9875953461e-01 -1.8650040628e-01  7.2985994215e-02  9.0780769639e-01 -8.9779453112e-01  1.3832365632e+00 -1.0120650951e+00 -1.8302735804e-01 -6.0772774162e-01 -2.0862935209e+00  1.0894431384e+00 -8.0808913001e-01 -7.9676600772e-01  4.4980678889e-01  5.8189871308e-02  7.1644215125e-01 -1.9746648847e+00 -8.7648197716e-01  1.3552700556e+00 -6.0052024217e-01  8.9625396396e-01  1.5934285613e+00 -6.8697190724e-01 -1.2322514250e+00 -1.9747675504e+00  1.8315022875e+00
ENERGY -3.042673075871e+02

JOB 22
COORDS  3.4527495360e-01 -4.2718764877e-01 -2.2980875077e-01  8.3812404314e-02  8.9809925782e-01 -9.1105069543e-01  1.3370008527e+00 -1.1029636532e+00 -3.2598834401e-01 -5.3818363770e-01 -2.0294423779e+00  1.1915456534e+00 -7.5480662590e-01 -7.5134825174e-01  5.3007320317e-01  1.9994104705e-01  7.5914458784e-01 -1.9887211755e+00 -9.0937175901e-01  1.2935685273e+00 -6.9420514587e-01  8.4395255970e-01  1.6101494023e+00 -5.7927793120e-01 -1.2616492511e+00 -1.9675990989e+00  1.8444386277e+00
ENERGY -3.042672973050e+02

JOB 23
COORDS  3.5062585597e-01 -4.2272192758e-01 -2.2488926012e-01  8.3853748930e-02  8.9687245041e-01 -9.1504527427e-01  1.3336022332e+00 -1.1083153494e+00 -3.4066981538e-01 -4.8897563936e-01 -1.9860110421e+00  1.2601903466e+00 -7.2569360297e-01 -7.2308150488e-01  5.7622836760e-01  1.7927922760e-01  7.4568792358e-01 -1.9930478342e+00 -9.0266399336e-01  1.3004234624e+00 -6.8330325393e-01  8.5360201089e-01  1.6085193459e+00 -6.0502926064e-01 -1.3281872475e+00 -2.0243142645e+00  1.7580417854e+00
ENERGY -3.042673140916e+02

