JOB 0
COORDS  2.9325336237e-01 -1.8677656482e+00  2.2463064593e-02 -1.9960891797e+00  1.3197559623e+00 -6.3278718774e-01 -4.5593595219e-01  2.6307897929e-01  8.2562706292e-01  7.7244987037e-02  1.4239951096e+00  1.3810744721e+00  5.3573399701e-01 -7.1977499399e-01  8.4352154486e-01 -8.7174822242e-01  4.4940383103e-01 -5.1077343295e-01  1.0914168424e+00 -2.5738074511e+00  2.5956151191e-01  3.1999928567e-01 -1.6125403678e+00 -1.0393872871e+00 -6.7576975487e-01 -2.3271234983e+00  2.5836066594e-01 -2.2525822311e+00  1.3493734022e+00 -1.6932838988e+00 -1.7568756852e+00  2.3294965988e+00 -2.8188412758e-01 -2.8557670340e+00  9.3662756573e-01 -6.4866484303e-02 -1.3201254920e+00 -1.1138804574e-02  1.4514392029e+00  9.4040148297e-01  1.5593104057e+00  9.5127801144e-01
ENERGY -3.448560661341e+02

JOB 1
COORDS  3.1646572602e-01 -1.8490981018e+00  2.1969479841e-03 -2.0180324918e+00  1.2993828883e+00 -6.2136750120e-01 -5.0363448841e-01  2.5809130416e-01  8.7078513048e-01  1.0725394932e-01  1.4311827755e+00  1.3180176575e+00  4.3235106366e-01 -7.8001817342e-01  9.4922453398e-01 -9.5256409728e-01  3.6300958698e-01 -4.6102296446e-01  1.0751346576e+00 -2.5768775785e+00  2.9692002068e-01  5.0435582574e-01 -1.5061725839e+00 -1.0179024277e+00 -6.7294815552e-01 -2.3200948872e+00  4.5257007820e-02 -2.3096047322e+00  1.2600098390e+00 -1.6723602160e+00 -1.6962230972e+00  2.3138363930e+00 -3.6327808091e-01 -2.8799835590e+00  1.0256142701e+00  3.1532982067e-03 -1.3580349854e+00  8.5502109483e-02  1.5429599729e+00  9.7817956577e-01  1.4654023585e+00  8.8431941445e-01
ENERGY -3.448541080868e+02

JOB 2
COORDS  3.4615350419e-01 -1.8339900554e+00 -4.9988143133e-03 -2.0386011866e+00  1.2856733356e+00 -5.9973677944e-01 -5.4489792282e-01  2.4317061822e-01  9.1057585942e-01  1.4489737239e-01  1.4100082839e+00  1.2610672197e+00  3.1786334653e-01 -8.5353383699e-01  1.0405035176e+00 -1.0368031772e+00  2.8667717662e-01 -4.0765924224e-01  1.0574069353e+00 -2.5888025605e+00  3.3628412695e-01  6.8516759817e-01 -1.4088414746e+00 -9.5353896870e-01 -6.3513496711e-01 -2.2971995536e+00 -1.5294375531e-01 -2.3749571441e+00  1.1915974070e+00 -1.6337588869e+00 -1.6348657087e+00  2.2891735441e+00 -4.2989459658e-01 -2.8909522331e+00  1.1218052883e+00  7.4252315281e-02 -1.3783766844e+00  1.6968102723e-01  1.6237258617e+00  1.0105029798e+00  1.3613493016e+00  8.1878242029e-01
ENERGY -3.448523316663e+02

JOB 3
COORDS  3.8157579588e-01 -1.8122896992e+00  8.1387455037e-05 -2.0629461482e+00  1.2740841377e+00 -5.9151399001e-01 -5.8597131382e-01  2.2528890004e-01  9.3100325337e-01  1.7776262688e-01  1.3763004047e+00  1.1903861468e+00  1.9250329731e-01 -9.2480498482e-01  1.1101590821e+00 -1.1242977976e+00  2.2131128662e-01 -3.6698049043e-01  1.0281305660e+00 -2.6048851238e+00  3.8170038007e-01  8.7126118359e-01 -1.3172875093e+00 -8.4499653637e-01 -5.6548273640e-01 -2.2404223632e+00 -3.4100831946e-01 -2.4422918485e+00  1.1379472570e+00 -1.6057546543e+00 -1.5866443031e+00  2.2555310235e+00 -5.0030374650e-01 -2.8985517947e+00  1.2119142611e+00  1.1918491630e-01 -1.3877908845e+00  2.4368214208e-01  1.6807634443e+00  1.0185158552e+00  1.2720194311e+00  7.1197043448e-01
ENERGY -3.448514387385e+02

JOB 4
COORDS  4.2186686717e-01 -1.7851162801e+00  7.1574075332e-03 -2.0964439441e+00  1.2722568306e+00 -5.9181536701e-01 -6.3128373178e-01  2.0103154899e-01  9.2893311741e-01  2.0390911941e-01  1.3224499346e+00  1.1085354130e+00  5.5032307933e-02 -9.9643946044e-01  1.1464789695e+00 -1.2168551040e+00  1.7353616787e-01 -3.4709413785e-01  1.0046023735e+00 -2.6146015000e+00  4.1204030037e-01  1.0407616926e+00 -1.2255357164e+00 -7.0471567951e-01 -4.5832307588e-01 -2.1682700348e+00 -5.1566529525e-01 -2.5210474195e+00  1.1119207660e+00 -1.5843413874e+00 -1.5583790379e+00  2.2252364325e+00 -5.6568309348e-01 -2.9069825137e+00  1.2967557563e+00  1.4930818616e-01 -1.3944433035e+00  2.9974201691e-01  1.7098411023e+00  9.8618005843e-01  1.1982334532e+00  5.4374457579e-01
ENERGY -3.448516273200e+02

JOB 5
COORDS  4.6658495033e-01 -1.7664633761e+00  3.1858664182e-02 -2.1173501429e+00  1.2958751314e+00 -5.6114830937e-01 -6.5959572330e-01  1.6831153248e-01  9.3024730256e-01  2.5734720162e-01  1.2359146225e+00  1.0410089454e+00 -7.8026523568e-02 -1.0770053520e+00  1.1625417469e+00 -1.2943017341e+00  1.5258177693e-01 -3.2338789311e-01  9.5737635546e-01 -2.6515060435e+00  4.4046512834e-01  1.2146837365e+00 -1.1647159191e+00 -5.0181754787e-01 -3.1686544531e-01 -2.0633034804e+00 -6.6993710544e-01 -2.5934174197e+00  1.1371571372e+00 -1.5303253854e+00 -1.5254995486e+00  2.2168447774e+00 -5.8331205545e-01 -2.8923541453e+00  1.3869837676e+00  2.1194058482e-01 -1.3766557895e+00  3.3644128200e-01  1.7406661776e+00  9.3153437266e-01  1.1234052820e+00  3.4881636096e-01
ENERGY -3.448525604070e+02

JOB 6
COORDS  5.3941805467e-01 -1.7474620724e+00  6.5449711674e-02 -2.1514672296e+00  1.3228855322e+00 -5.3886400084e-01 -6.7137621874e-01  1.4815111373e-01  8.9722431092e-01  3.1978824451e-01  1.1535120892e+00  9.2568462552e-01 -1.8158669954e-01 -1.1318447960e+00  1.1367259372e+00 -1.3642107215e+00  1.4973554438e-01 -3.2773069702e-01  8.5928585039e-01 -2.7193037938e+00  4.4471591891e-01  1.4344491166e+00 -1.1715388072e+00 -2.0781791863e-01 -9.3001767669e-02 -1.8830625473e+00 -8.1594632678e-01 -2.6776083286e+00  1.1766151460e+00 -1.4838297378e+00 -1.5278500320e+00  2.2216669999e+00 -5.9724258203e-01 -2.8864202537e+00  1.4504424235e+00  2.6745547591e-01 -1.3340568494e+00  3.7792053076e-01  1.7375555998e+00  8.4948356753e-01  1.0719909799e+00  1.1414301109e-01
ENERGY -3.448535312782e+02

JOB 7
COORDS  5.9962402236e-01 -1.7420001804e+00  1.1243553615e-01 -2.2003077408e+00  1.3513106459e+00 -5.0761218121e-01 -7.0042606320e-01  1.1768136509e-01  8.6143117185e-01  3.5177957342e-01  1.0567859564e+00  8.0473888263e-01 -2.8583727714e-01 -1.1891263558e+00  1.0897547550e+00 -1.4572819279e+00  1.4478984358e-01 -3.2829111156e-01  7.5346325663e-01 -2.7821207483e+00  4.0366185346e-01  1.5699679289e+00 -1.2292083015e+00  1.1966309142e-01  1.6220250438e-01 -1.7075201893e+00 -8.9068657520e-01 -2.7927232212e+00  1.2187248723e+00 -1.4146044684e+00 -1.5427206842e+00  2.2208883051e+00 -6.2054139207e-01 -2.8753291968e+00  1.5246930719e+00  3.4154597409e-01 -1.3039675051e+00  3.9680917792e-01  1.7307069672e+00  7.5206805446e-01  9.9387345898e-01 -7.9204429705e-02
ENERGY -3.448539407023e+02

JOB 8
COORDS  6.6859217510e-01 -1.7398483659e+00  1.6120951392e-01 -2.2403202797e+00  1.4017626393e+00 -4.7670898352e-01 -7.2007791090e-01  9.9219271807e-02  8.0632164108e-01  3.7502959332e-01  9.7753633499e-01  6.7994742903e-01 -3.6931239977e-01 -1.2331891165e+00  1.0018438785e+00 -1.5371491679e+00  1.6568665476e-01 -3.4356150425e-01  7.4410829785e-01 -2.8038817747e+00  3.9053875606e-01  1.6274415800e+00 -1.2567597119e+00  3.8089406746e-01  4.2198588441e-01 -1.6244160887e+00 -9.0163484422e-01 -2.8866189015e+00  1.2983973434e+00 -1.3500907707e+00 -1.5575083774e+00  2.2470812858e+00 -6.2292925661e-01 -2.8605815941e+00  1.5964584713e+00  4.0894419563e-01 -1.2642623335e+00  4.0985204676e-01  1.7038773598e+00  6.8632770807e-01  9.1808973131e-01 -2.3934391027e-01
ENERGY -3.448532483847e+02

JOB 9
COORDS  7.2513335776e-01 -1.7521417981e+00  2.2352193500e-01 -2.2883492871e+00  1.4585183927e+00 -4.4736559387e-01 -7.4611933001e-01  8.5838147595e-02  7.3003753932e-01  3.7501823718e-01  9.1904082151e-01  5.5784604248e-01 -4.4754964700e-01 -1.2687361194e+00  8.7810937700e-01 -1.6161263742e+00  2.0001412643e-01 -3.7711237661e-01  7.6675136737e-01 -2.8191580042e+00  4.4815974070e-01  1.6270242391e+00 -1.2637693467e+00  6.0652632943e-01  6.6682329443e-01 -1.6277175618e+00 -8.6633385583e-01 -2.9764761024e+00  1.3954600170e+00 -1.2921297368e+00 -1.5889910558e+00  2.2883512662e+00 -6.0493291864e-01 -2.8620122247e+00  1.6481658953e+00  4.7032461922e-01 -1.2366877399e+00  4.1032267581e-01  1.6539465107e+00  6.3339901714e-01  8.5811958086e-01 -3.7786786704e-01
ENERGY -3.448515960538e+02

JOB 10
COORDS  7.7341785191e-01 -1.7763927091e+00  2.7530843926e-01 -2.3311773979e+00  1.5092800130e+00 -3.9989177276e-01 -7.5326645563e-01  7.0985090512e-02  6.3531986162e-01  3.8584495420e-01  8.7083590503e-01  4.3179683520e-01 -4.9700591941e-01 -1.3025801665e+00  7.1829769527e-01 -1.6750390592e+00  2.3998447399e-01 -4.1655580655e-01  7.7256350588e-01 -2.8469402523e+00  4.8790269552e-01  1.5966799848e+00 -1.2960030970e+00  8.1310279833e-01  9.1166219673e-01 -1.6385789717e+00 -8.0605642276e-01 -3.0574906251e+00  1.4920215227e+00 -1.2141732339e+00 -1.6265459476e+00  2.3353175640e+00 -5.5370992461e-01 -2.8596462946e+00  1.6651828479e+00  5.5056175413e-01 -1.1844756819e+00  3.9245353088e-01  1.5907584389e+00  6.0843945322e-01  8.1097838995e-01 -5.1346287028e-01
ENERGY -3.448499324993e+02

JOB 11
COORDS  8.0513327840e-01 -1.7928504485e+00  3.3739209703e-01 -2.3695256215e+00  1.5444357423e+00 -3.5253115852e-01 -7.4845256758e-01  6.4052556835e-02  5.3411211119e-01  3.9852493977e-01  8.4238486163e-01  2.9228176655e-01 -5.2298203275e-01 -1.3202985912e+00  5.5566903919e-01 -1.7256102128e+00  2.7230542209e-01 -4.5139862273e-01  7.5646741153e-01 -2.8708724980e+00  5.0249841902e-01  1.5214219153e+00 -1.3466212468e+00  1.0347917270e+00  1.1452995817e+00 -1.6141070392e+00 -6.9110554328e-01 -3.1327157215e+00  1.5640007626e+00 -1.1321741559e+00 -1.6648020044e+00  2.3700993079e+00 -5.0736646306e-01 -2.8516619524e+00  1.6657020607e+00  6.2696958282e-01 -1.1127526802e+00  3.8040652062e-01  1.5205523026e+00  5.8636928154e-01  7.8184340088e-01 -6.6083574955e-01
ENERGY -3.448491881471e+02

JOB 12
COORDS  6.9408409658e-01 -1.8933907053e+00  4.6731389194e-01 -1.8452677267e+00  1.9058924482e+00 -6.6634831026e-01 -9.3303359520e-01 -1.4543452960e-01  6.9572615993e-02 -6.7912715143e-01  1.9086386927e-01  1.4128063507e+00 -8.0097389790e-02 -1.1281731634e+00 -4.5527109923e-01 -7.8706593015e-01  9.5249525132e-01 -7.8461704619e-01  1.1754954546e+00 -2.6670274884e+00 -1.3411919150e-01  7.3241560349e-02 -2.3640197973e+00  1.2381080462e+00  1.4702413772e+00 -1.2928028978e+00  9.5609554552e-01 -1.6347467550e+00  2.6893552054e+00 -1.3960345235e+00 -1.8876031841e+00  2.3414824891e+00  3.3887517437e-01 -2.8158797726e+00  1.4474986742e+00 -8.9917423899e-01 -1.9696082207e+00 -5.1314861311e-01  6.6393419853e-02  1.3540367393e-01  7.2462240012e-01  1.4226820622e+00
ENERGY -3.448498901057e+02

JOB 13
COORDS  6.4440803042e-01 -1.9322305505e+00  4.6582600438e-01 -1.8946052517e+00  1.8877552750e+00 -6.6689411951e-01 -8.4604776278e-01 -9.1800969325e-02  7.1375046491e-02 -5.6329604916e-01  2.8209375584e-01  1.4004578047e+00  5.0410013789e-02 -1.0263842759e+00 -4.6365458390e-01 -7.9428844764e-01  9.8735500118e-01 -8.1046422550e-01  1.1967399511e+00 -2.6522205121e+00 -1.4109460970e-01 -1.1057236140e-01 -2.4625555309e+00  1.0603233473e+00  1.3368914506e+00 -1.4293761804e+00  1.1487748260e+00 -1.7510044534e+00  2.6680205371e+00 -1.4159202094e+00 -1.9204887273e+00  2.3372652378e+00  3.3254240486e-01 -2.8486064726e+00  1.3772774245e+00 -8.5585528449e-01 -1.8596611510e+00 -5.1948293311e-01  1.2323590544e-01  2.4936650547e-01  8.1913815438e-01  1.3753312695e+00
ENERGY -3.448518545486e+02

JOB 14
COORDS  5.9627556889e-01 -1.9629236542e+00  4.5526645305e-01 -1.9298778550e+00  1.8581031422e+00 -6.6306839053e-01 -7.6201301408e-01 -4.7726302148e-02  8.3135475534e-02 -4.6149108521e-01  3.8482438303e-01  1.3922674115e+00  1.8367763216e-01 -9.3248991324e-01 -4.4274788240e-01 -8.0010434332e-01  1.0006418736e+00 -8.3293502137e-01  1.2377977208e+00 -2.6263844402e+00 -1.2736636641e-01 -2.6319989628e-01 -2.5325545261e+00  8.3517737276e-01  1.1548990468e+00 -1.5641230766e+00  1.3075969146e+00 -1.8557594216e+00  2.6191065443e+00 -1.4414351395e+00 -1.9271514070e+00  2.3374760937e+00  3.2251864546e-01 -2.8690395658e+00  1.3025306143e+00 -7.8988093595e-01 -1.7445797076e+00 -5.3690750569e-01  1.8331458484e-01  3.5157560736e-01  9.1843637942e-01  1.3284730508e+00
ENERGY -3.448541547711e+02

JOB 15
COORDS  5.5113414395e-01 -1.9871252300e+00  4.3651901683e-01 -1.9536793041e+00  1.8291149574e+00 -6.5601727883e-01 -6.9247553545e-01 -7.3381374260e-03  1.1163147784e-01 -3.8525015901e-01  5.0691758849e-01  1.3904404748e+00  3.0422718536e-01 -8.4676038456e-01 -3.8643221919e-01 -8.1283224060e-01  9.9276837821e-01 -8.5121135229e-01  1.3028797549e+00 -2.5813715207e+00 -8.5437380526e-02 -3.6015763403e-01 -2.5886006053e+00  5.6312171702e-01  9.2559246931e-01 -1.6995810124e+00  1.4245408342e+00 -1.9516169682e+00  2.5459070165e+00 -1.4786793354e+00 -1.9029627644e+00  2.3632388640e+00  2.9940379329e-01 -2.8827728151e+00  1.2434041152e+00 -6.9049076636e-01 -1.6404704309e+00 -5.4994338410e-01  2.5759369766e-01  4.3319334444e-01  1.0254407899e+00  1.2860555656e+00
ENERGY -3.448555906262e+02

JOB 16
COORDS  5.1448788125e-01 -2.0133080611e+00  4.0564830533e-01 -1.9650753152e+00  1.7960007409e+00 -6.6049721372e-01 -6.3599193785e-01  2.7997136363e-02  1.5745847831e-01 -3.3409428053e-01  6.4004130241e-01  1.3935867297e+00  4.0768732567e-01 -7.7591508679e-01 -2.9819038466e-01 -8.2560389025e-01  9.6018811211e-01 -8.6381159615e-01  1.3534094844e+00 -2.5493647451e+00 -4.1038174257e-02 -3.9876596412e-01 -2.6128776206e+00  2.8906824798e-01  7.0726107481e-01 -1.8538054453e+00  1.4730503186e+00 -2.0230801597e+00  2.4508083101e+00 -1.5314542527e+00 -1.8666279013e+00  2.3978524194e+00  2.4949949300e-01 -2.8858777571e+00  1.1990867515e+00 -5.9651672553e-01 -1.5507171657e+00 -5.5418938033e-01  3.4965215932e-01  4.9741707423e-01  1.1284934426e+00  1.2557668114e+00
ENERGY -3.448555336191e+02

JOB 17
COORDS  4.7524542752e-01 -2.0370330546e+00  3.7204684893e-01 -1.9766768853e+00  1.7575943078e+00 -6.5781162879e-01 -5.9190443283e-01  6.7960117779e-02  2.3834231010e-01 -3.0294806879e-01  7.7584869093e-01  1.4234050823e+00  4.8752799043e-01 -7.1611210342e-01 -1.6754348467e-01 -8.3388561944e-01  9.2201195575e-01 -8.4249887286e-01  1.3686064855e+00 -2.5340727937e+00 -9.7901752846e-03 -4.1289239739e-01 -2.5906578293e+00  3.9534469586e-02  5.0842571179e-01 -2.0252879717e+00  1.4687485789e+00 -2.0859122169e+00  2.3341993226e+00 -1.5778724288e+00 -1.8474966952e+00  2.4360988135e+00  1.9220652415e-01 -2.8838000168e+00  1.1567560354e+00 -4.9955457974e-01 -1.4798902780e+00 -5.3631296980e-01  4.7657730835e-01  5.3957322001e-01  1.2368984741e+00  1.2623436481e+00
ENERGY -3.448543855946e+02

JOB 18
COORDS  4.2805085851e-01 -2.0420614340e+00  3.2194983287e-01 -1.9969696459e+00  1.7104045755e+00 -6.6747832586e-01 -5.5821496896e-01  1.1784289644e-01  3.2293452054e-01 -2.7408517205e-01  9.1851260740e-01  1.4453694186e+00  5.4234439406e-01 -6.6425588536e-01 -2.8653231436e-02 -8.4323597438e-01  8.8247053278e-01 -8.1631967188e-01  1.3529307272e+00 -2.5207505722e+00 -4.5903424242e-03 -4.1910119656e-01 -2.5131681401e+00 -1.9329031612e-01  3.1829641458e-01 -2.1752066855e+00  1.4060101278e+00 -2.1445571224e+00  2.2062324194e+00 -1.6284392960e+00 -1.8568481508e+00  2.4593352600e+00  1.1917920648e-01 -2.8871426176e+00  1.1091331874e+00 -4.3205868796e-01 -1.4265120564e+00 -4.8983412355e-01  6.1604548661e-01  5.7637495498e-01  1.3545791777e+00  1.2595764376e+00
ENERGY -3.448531547296e+02

JOB 19
COORDS  3.7806471567e-01 -2.0450055220e+00  2.6324624691e-01 -2.0030400441e+00  1.6362555874e+00 -6.8015460190e-01 -5.1384811659e-01  1.5558775220e-01  4.1006352714e-01 -2.2061355059e-01  1.0384435472e+00  1.4615919016e+00  5.9196339905e-01 -6.4267505972e-01  1.1683469743e-01 -8.3142190264e-01  8.2631996756e-01 -7.8240047631e-01  1.3223920585e+00 -2.5291672363e+00  8.3484266818e-03 -4.0220450471e-01 -2.4024279872e+00 -4.2089967940e-01  1.0965618631e-01 -2.3041881113e+00  1.2957334971e+00 -2.1772210673e+00  2.0529186264e+00 -1.6737903016e+00 -1.8696283837e+00  2.4471742173e+00  4.3825011953e-02 -2.8751386718e+00  1.0349757431e+00 -3.8423429752e-01 -1.3720037291e+00 -4.3503530977e-01  7.6191911158e-01  6.2807166316e-01  1.4606559565e+00  1.2392269491e+00
ENERGY -3.448527389386e+02

JOB 20
COORDS  3.2886135292e-01 -2.0276340101e+00  2.0486849124e-01 -1.9985892616e+00  1.5522783761e+00 -6.8222358425e-01 -4.6858927781e-01  1.8969712348e-01  5.0463359615e-01 -1.5335624365e-01  1.1445035404e+00  1.4787381852e+00  6.3081771716e-01 -6.3546700464e-01  2.7280554218e-01 -8.0931880026e-01  7.6358188692e-01 -7.3374707686e-01  1.2764045374e+00 -2.5419150942e+00  3.5526820064e-02 -3.5230823733e-01 -2.2483747114e+00 -6.2659947099e-01 -1.1020246124e-01 -2.3842738698e+00  1.1459859616e+00 -2.1897038656e+00  1.8907853648e+00 -1.7021307469e+00 -1.8776568592e+00  2.4175056642e+00 -2.1488611218e-02 -2.8547501036e+00  9.5561931778e-01 -3.3487322938e-01 -1.3237386029e+00 -3.6803495011e-01  9.1495713451e-01  6.9252517227e-01  1.5473154612e+00  1.2134007993e+00
ENERGY -3.448535536026e+02

JOB 21
COORDS  2.8744929909e-01 -1.9837648912e+00  1.5059773810e-01 -1.9921579910e+00  1.4706462295e+00 -6.7767504154e-01 -4.3266320413e-01  2.2599001222e-01  6.0113133073e-01 -8.2780947970e-02  1.2471579449e+00  1.4864442807e+00  6.5040035378e-01 -6.3291199948e-01  4.3201603627e-01 -7.8989818183e-01  7.0041963899e-01 -6.7689632023e-01  1.2190895178e+00 -2.5483115872e+00  8.6058692781e-02 -2.5105974025e-01 -2.0617553884e+00 -8.0146600625e-01 -3.3025984658e-01 -2.3999162106e+00  9.5797749018e-01 -2.1909675461e+00  1.7345772212e+00 -1.7179515474e+00 -1.8838894238e+00  2.3820654651e+00 -7.9557655494e-02 -2.8376543194e+00  8.8581520792e-01 -2.8716594057e-01 -1.2899755040e+00 -2.8331649916e-01  1.0686448548e+00  7.4889507615e-01  1.6329299573e+00  1.1579789375e+00
ENERGY -3.448552683104e+02

JOB 22
COORDS  2.5160672428e-01 -1.9492201976e+00  9.1670521851e-02 -1.9970148006e+00  1.3880656545e+00 -6.7003370145e-01 -4.2666314420e-01  2.3721715764e-01  6.8339698709e-01 -2.4852230907e-02  1.3170631488e+00  1.4671711863e+00  6.3213567534e-01 -6.6043549578e-01  5.7593673275e-01 -7.9838343257e-01  6.1392405750e-01 -6.2424503987e-01  1.1458534503e+00 -2.5728544770e+00  1.3886729224e-01 -1.0763691487e-01 -1.8952195682e+00 -9.4144268147e-01 -5.2851103500e-01 -2.3898147944e+00  7.2802313101e-01 -2.2050381353e+00  1.5770922787e+00 -1.7247010334e+00 -1.8775872407e+00  2.3402210523e+00 -1.4132922042e-01 -2.8410385717e+00  8.3777184925e-01 -2.2989293228e-01 -1.2887081510e+00 -2.0752402948e-01  1.2066335805e+00  8.0809768151e-01  1.6462940367e+00  1.0848583312e+00
ENERGY -3.448568549134e+02

JOB 23
COORDS  2.6890913100e-01 -1.8973274663e+00  6.1424324132e-02 -1.9902840740e+00  1.3443820652e+00 -6.5066628649e-01 -4.2922879640e-01  2.5967096163e-01  7.6690010850e-01  3.0387027650e-02  1.3906532252e+00  1.4361961105e+00  6.0309639855e-01 -6.7540640592e-01  7.2565476136e-01 -8.1766632734e-01  5.3544084871e-01 -5.6229067596e-01  1.1135206592e+00 -2.5699667464e+00  2.2092840045e-01  1.1278477194e-01 -1.7381875644e+00 -1.0090170449e+00 -6.3490764845e-01 -2.3453239135e+00  4.9743204994e-01 -2.2144737618e+00  1.4522444836e+00 -1.7134177635e+00 -1.8269423886e+00  2.3322343236e+00 -2.0597811764e-01 -2.8422908272e+00  8.6234171120e-01 -1.5033496987e-01 -1.2948061140e+00 -1.0760210559e-01  1.3420218819e+00  8.7719953617e-01  1.6319540487e+00  1.0203461310e+00
ENERGY -3.448572167699e+02

