JOB 0
COORDS  5.2401293346e-01 -2.0055957425e+00  4.1030172039e-01 -1.9624799709e+00  1.8002237815e+00 -6.6573717408e-01 -6.3794959719e-01  2.6835089667e-02  1.4540950481e-01 -3.4051063888e-01  6.2135829880e-01  1.3909494375e+00  4.0036823333e-01 -7.8176553774e-01 -3.1425133635e-01 -8.2188836772e-01  9.6596170536e-01 -8.6940144320e-01  1.3519556282e+00 -2.5502393110e+00 -4.6336322951e-02 -3.9192332706e-01 -2.6068181446e+00  3.2718006697e-01  7.4133968502e-01 -1.8261543803e+00  1.4695970193e+00 -2.0159774585e+00  2.4615666098e+00 -1.5320049727e+00 -1.8687554953e+00  2.3952948160e+00  2.4922870773e-01 -2.8834043881e+00  1.2026589305e+00 -6.1093043323e-01 -1.5564999243e+00 -5.5277965753e-01  3.2908265483e-01  4.8997477356e-01  1.1146697675e+00  1.2638698904e+00
ENERGY -3.448556279644e+02

JOB 1
COORDS  4.8153679422e-01 -2.0276129488e+00  3.7600720059e-01 -1.9771923938e+00  1.7642097321e+00 -6.6292497822e-01 -5.9220974691e-01  7.0572618044e-02  2.2076523395e-01 -3.1048666384e-01  7.5558868632e-01  1.4204747106e+00  4.8238017040e-01 -7.1762784159e-01 -1.8969735102e-01 -8.3488075306e-01  9.2942097647e-01 -8.5424716787e-01  1.3691085053e+00 -2.5308708906e+00 -1.1124125198e-02 -4.1149438528e-01 -2.5884842233e+00  6.9559111390e-02  5.3253314165e-01 -1.9940162233e+00  1.4714589028e+00 -2.0894996415e+00  2.3438428364e+00 -1.5806681408e+00 -1.8454584527e+00  2.4399342687e+00  1.8892657796e-01 -2.8833864913e+00  1.1623563073e+00 -5.0342398171e-01 -1.4827606887e+00 -5.3472546462e-01  4.4942931091e-01  5.3156068856e-01  1.2230140865e+00  1.2750125791e+00
ENERGY -3.448545794279e+02

JOB 2
COORDS  4.3656416094e-01 -2.0341242098e+00  3.2858247653e-01 -1.9965104630e+00  1.7184180542e+00 -6.7006430906e-01 -5.5757993514e-01  1.2013403267e-01  3.0728801514e-01 -2.7958508014e-01  9.0172628075e-01  1.4447564885e+00  5.4019591342e-01 -6.6285859294e-01 -4.9928436068e-02 -8.4286328545e-01  8.9178415223e-01 -8.2593097998e-01  1.3578813123e+00 -2.5158063955e+00 -3.5569016655e-03 -4.1713889633e-01 -2.5173354795e+00 -1.6419896828e-01  3.4410613873e-01 -2.1469852679e+00  1.4164944354e+00 -2.1465591903e+00  2.2189534321e+00 -1.6281780465e+00 -1.8550086197e+00  2.4634812576e+00  1.2002963130e-01 -2.8856708805e+00  1.1153618202e+00 -4.3543650547e-01 -1.4275215042e+00 -4.9035364857e-01  5.9079834662e-01  5.7099122245e-01  1.3429925463e+00  1.2715443729e+00
ENERGY -3.448532940050e+02

JOB 3
COORDS  3.8847016530e-01 -2.0424762455e+00  2.7144464127e-01 -2.0031330047e+00  1.6480622506e+00 -6.8167162597e-01 -5.2034875699e-01  1.5254748624e-01  3.9587593157e-01 -2.3056788194e-01  1.0257389072e+00  1.4571755262e+00  5.8704953355e-01 -6.4131693699e-01  9.5549919984e-02 -8.3390535775e-01  8.3554943197e-01 -7.9008781249e-01  1.3319639958e+00 -2.5231196510e+00  6.9285383895e-03 -4.0161510185e-01 -2.4187848337e+00 -3.9101263954e-01  1.4223244654e-01 -2.2856208494e+00  1.3133148807e+00 -2.1750603733e+00  2.0734418967e+00 -1.6719793143e+00 -1.8678430721e+00  2.4523373570e+00  4.9309976078e-02 -2.8771801475e+00  1.0468550306e+00 -3.9153949896e-01 -1.3787455420e+00 -4.4232972657e-01  7.3951521958e-01  6.1906351654e-01  1.4493328924e+00  1.2411743159e+00
ENERGY -3.448527262340e+02

JOB 4
COORDS  3.3895925005e-01 -2.0335930958e+00  2.1439576599e-01 -1.9984909352e+00  1.5643984763e+00 -6.8401725687e-01 -4.7856756501e-01  1.8061206624e-01  4.9296112694e-01 -1.6250726812e-01  1.1331541074e+00  1.4710645759e+00  6.2465732183e-01 -6.3673956999e-01  2.5120095119e-01 -8.0989106308e-01  7.7494296709e-01 -7.3899871617e-01  1.2889021051e+00 -2.5388250591e+00  3.1784865128e-02 -3.5795194403e-01 -2.2773598957e+00 -5.9744298673e-01 -7.3609232675e-02 -2.3799500951e+00  1.1711643191e+00 -2.1807133194e+00  1.9200806629e+00 -1.6997182439e+00 -1.8817396837e+00  2.4183087911e+00 -7.9724092310e-03 -2.8585249416e+00  9.6347352999e-01 -3.5406506863e-01 -1.3339565650e+00 -3.8092233082e-01  8.9585302227e-01  6.8373067566e-01  1.5338889971e+00  1.2042916327e+00
ENERGY -3.448533662005e+02

JOB 5
COORDS  2.8752014534e-01 -1.9952915403e+00  1.5539042731e-01 -1.9949873058e+00  1.4856349571e+00 -6.7664528915e-01 -4.4567347037e-01  2.1478627760e-01  5.9067211669e-01 -9.0679574023e-02  1.2343811516e+00  1.4784471589e+00  6.4149184065e-01 -6.3597935931e-01  4.0683955732e-01 -7.9181254919e-01  7.1685583554e-01 -6.8079211227e-01  1.2240342925e+00 -2.5485078114e+00  6.7684940338e-02 -2.7960668645e-01 -2.0932439513e+00 -7.7823826471e-01 -2.9799254647e-01 -2.4089144034e+00  9.8748698326e-01 -2.1825979047e+00  1.7741402451e+00 -1.7124999215e+00 -1.8942508141e+00  2.3827839555e+00 -5.5947138912e-02 -2.8443993074e+00  8.9104419316e-01 -3.1010267169e-01 -1.3033179400e+00 -2.9823125301e-01  1.0515133829e+00  7.4194929187e-01  1.6147102960e+00  1.1466670391e+00
ENERGY -3.448549945107e+02

JOB 6
COORDS  2.5903211773e-01 -1.9520684727e+00  1.0504993682e-01 -1.9936747928e+00  1.4022310246e+00 -6.7242667254e-01 -4.2950404264e-01  2.3612168673e-01  6.7696852117e-01 -3.2732044710e-02  1.3145167216e+00  1.4671302438e+00  6.3628135545e-01 -6.5145763926e-01  5.5909109063e-01 -7.9145927577e-01  6.3356506766e-01 -6.2840740493e-01  1.1635621434e+00 -2.5620085032e+00  1.2862837997e-01 -1.3558997606e-01 -1.9170684962e+00 -9.1620455337e-01 -4.9178963443e-01 -2.3958365718e+00  7.7346677963e-01 -2.1911952246e+00  1.6106965927e+00 -1.7254863112e+00 -1.8851496275e+00  2.3446034334e+00 -1.2413544320e-01 -2.8399179596e+00  8.3939369273e-01 -2.5279241461e-01 -1.2912190916e+00 -2.1734669096e-01  1.1919048748e+00  7.9696243830e-01  1.6497887495e+00  1.0832967557e+00
ENERGY -3.448566702413e+02

JOB 7
COORDS  2.6755643763e-01 -1.9018512488e+00  6.7567743461e-02 -1.9898858099e+00  1.3505231879e+00 -6.5467124250e-01 -4.2559827560e-01  2.5985461787e-01  7.5462500170e-01  2.1898697097e-02  1.3840300274e+00  1.4432592398e+00  6.1174484225e-01 -6.6867078437e-01  7.0461895650e-01 -8.1150794288e-01  5.4930833441e-01 -5.7211954998e-01  1.1201140432e+00 -2.5676282435e+00  2.1266283234e-01  8.1147224459e-02 -1.7589878643e+00 -1.0005645873e+00 -6.2116805430e-01 -2.3484366026e+00  5.3506501118e-01 -2.2116661433e+00  1.4691301580e+00 -1.7167781287e+00 -1.8354288036e+00  2.3343342363e+00 -1.9798970080e-01 -2.8397930050e+00  8.5638312818e-01 -1.6259483107e-01 -1.2908408569e+00 -1.2136944979e-01  1.3213427636e+00  8.6642273114e-01  1.6421579929e+00  1.0328195682e+00
ENERGY -3.448572655961e+02

JOB 8
COORDS  2.8865273803e-01 -1.8728086805e+00  2.5837172574e-02 -1.9949113794e+00  1.3211093594e+00 -6.3754147456e-01 -4.4489455855e-01  2.6556393197e-01  8.0971436023e-01  6.9244086905e-02  1.4175982356e+00  1.3976581503e+00  5.5119603123e-01 -7.1232079742e-01  8.2198167224e-01 -8.6281060983e-01  4.5965580868e-01 -5.2373805765e-01  1.0898509277e+00 -2.5776373923e+00  2.5611853680e-01  2.9186221369e-01 -1.6351255718e+00 -1.0405415496e+00 -6.7625370859e-01 -2.3250550187e+00  2.9154079145e-01 -2.2552191212e+00  1.3539458849e+00 -1.6969837524e+00 -1.7635109271e+00  2.3311100919e+00 -2.8217942434e-01 -2.8490767577e+00  9.2762754727e-01 -6.8353349365e-02 -1.3105002030e+00 -2.7887538471e-02  1.4261020022e+00  9.3248645771e-01  1.5798355810e+00  9.7705572037e-01
ENERGY -3.448563502135e+02

JOB 9
COORDS  3.1180717265e-01 -1.8631947424e+00  1.6086881376e-03 -2.0128200486e+00  1.2943056553e+00 -6.2437488937e-01 -4.8732387090e-01  2.5306115197e-01  8.5458970427e-01  1.0139097804e-01  1.4188832578e+00  1.3421743431e+00  4.5507876977e-01 -7.7885507367e-01  9.2686022444e-01 -9.3804595116e-01  3.6692949892e-01 -4.7536782621e-01  1.0729457584e+00 -2.5908668543e+00  2.9011309250e-01  4.7659816852e-01 -1.5383390758e+00 -1.0283398079e+00 -6.7924974062e-01 -2.3272507601e+00  7.6906684046e-02 -2.3100340272e+00  1.2584093425e+00 -1.6739083716e+00 -1.6996098684e+00  2.3104316033e+00 -3.6213041196e-01 -2.8684899041e+00  1.0089432829e+00  3.6841052835e-03 -1.3464022732e+00  5.7290053087e-02  1.5159092700e+00  9.7605093456e-01  1.4830833492e+00  9.1891972460e-01
ENERGY -3.448545114477e+02

JOB 10
COORDS  3.4084110475e-01 -1.8431363967e+00 -3.9213142600e-03 -2.0347348591e+00  1.2842354394e+00 -6.0288312955e-01 -5.3090723938e-01  2.4491409838e-01  8.9771051365e-01  1.3512934317e-01  1.4117547010e+00  1.2848299171e+00  3.4643834970e-01 -8.4095696688e-01  1.0207846443e+00 -1.0206209275e+00  2.9599477020e-01 -4.2023818142e-01  1.0619512605e+00 -2.5921167233e+00  3.2948348011e-01  6.4876837126e-01 -1.4376471726e+00 -9.7126121933e-01 -6.4531728916e-01 -2.3082527797e+00 -1.1001687879e-01 -2.3707335426e+00  1.1949411719e+00 -1.6374102732e+00 -1.6434801951e+00  2.2912103471e+00 -4.2455717236e-01 -2.8841378224e+00  1.1039724819e+00  7.0666827462e-02 -1.3711185427e+00  1.4618686613e-01  1.6011276240e+00  1.0064510276e+00  1.3898143788e+00  8.5117375425e-01
ENERGY -3.448526815813e+02

JOB 11
COORDS  3.7633279274e-01 -1.8246038752e+00 -2.9215926732e-03 -2.0527406747e+00  1.2717621822e+00 -5.9176460304e-01 -5.6826284826e-01  2.2618791392e-01  9.2491381541e-01  1.7429171651e-01  1.3820209320e+00  1.2127367083e+00  2.3232238486e-01 -9.1128828541e-01  1.0927894329e+00 -1.0988671072e+00  2.3093156956e-01 -3.7649994395e-01  1.0393968334e+00 -2.6076980234e+00  3.7002488397e-01  8.2854880377e-01 -1.3484742190e+00 -8.7858828767e-01 -5.8333117992e-01 -2.2624541167e+00 -2.9376770674e-01 -2.4252887603e+00  1.1430715869e+00 -1.6094849515e+00 -1.5922737749e+00  2.2592628394e+00 -4.8558106280e-01 -2.8905182020e+00  1.1874640726e+00  1.1415691787e-01 -1.3789623777e+00  2.1974708641e-01  1.6661200208e+00  1.0243528757e+00  1.2940243023e+00  7.4734584636e-01
ENERGY -3.448515707134e+02

JOB 12
COORDS  4.1159604551e-01 -1.8062740815e+00 -1.8584915318e-03 -2.0808241093e+00  1.2612789065e+00 -5.9110251239e-01 -6.1481823470e-01  1.9391595175e-01  9.3126684183e-01  2.0124016652e-01  1.3252334121e+00  1.1309154867e+00  1.0001768909e-01 -9.9033463930e-01  1.1349178392e+00 -1.1851318351e+00  1.7442288367e-01 -3.5230731656e-01  1.0151214904e+00 -2.6247208129e+00  3.9508599171e-01  9.9210847835e-01 -1.2630911426e+00 -7.5662073005e-01 -4.9214275967e-01 -2.2043630639e+00 -4.7093658092e-01 -2.4900092551e+00  1.1092716784e+00 -1.5913938696e+00 -1.5595621300e+00  2.2226856608e+00 -5.4328591145e-01 -2.9010970101e+00  1.2600832994e+00  1.3971252583e-01 -1.3890024887e+00  2.6962906601e-01  1.7042044337e+00  1.0032486112e+00  1.2014105380e+00  5.9447361994e-01
ENERGY -3.448514692041e+02

JOB 13
COORDS  4.5767853803e-01 -1.7813554282e+00  2.1784902830e-03 -2.1031577741e+00  1.2759054598e+00 -5.7986066643e-01 -6.4409339753e-01  1.6457412847e-01  9.2248496609e-01  2.5102568770e-01  1.2498615113e+00  1.0441551896e+00 -2.7453449113e-02 -1.0665532818e+00  1.1446632461e+00 -1.2603500364e+00  1.4742569115e-01 -3.4075430382e-01  9.8725522481e-01 -2.6456569684e+00  4.0695528838e-01  1.1594745405e+00 -1.1849699281e+00 -5.9561684380e-01 -3.6236001666e-01 -2.1119639709e+00 -6.4011821303e-01 -2.5515401291e+00  1.1232349240e+00 -1.5631366850e+00 -1.5311255278e+00  2.2094199872e+00 -5.7210383871e-01 -2.8989999072e+00  1.3364504714e+00  1.7488393990e-01 -1.3728616312e+00  3.1282862754e-01  1.7262530308e+00  9.5532480949e-01  1.1269424666e+00  3.8466531765e-01
ENERGY -3.448522299314e+02

JOB 14
COORDS  5.1391996298e-01 -1.7690332564e+00  3.7350893910e-02 -2.1316796373e+00  1.3053089693e+00 -5.5125612988e-01 -6.6537290966e-01  1.3610081728e-01  9.0373731291e-01  3.1099284301e-01  1.1558407494e+00  9.5348874978e-01 -1.5279236300e-01 -1.1372289095e+00  1.1342587543e+00 -1.3322893710e+00  1.4111346958e-01 -3.3565658628e-01  8.9353181818e-01 -2.7140945681e+00  4.2924380387e-01  1.3662472653e+00 -1.1761163277e+00 -3.2248575709e-01 -1.7257750515e-01 -1.9581378708e+00 -7.9185321645e-01 -2.6284818711e+00  1.1656264584e+00 -1.5129622397e+00 -1.5199426798e+00  2.2135294451e+00 -5.7812957961e-01 -2.8911409430e+00  1.4090509388e+00  2.3548882783e-01 -1.3442717370e+00  3.4859954118e-01  1.7352975848e+00  8.7264471212e-01  1.0664214109e+00  1.6465020298e-01
ENERGY -3.448532813536e+02

JOB 15
COORDS  5.7568065860e-01 -1.7618581268e+00  9.1157013578e-02 -2.1856806477e+00  1.3325724861e+00 -5.1687450751e-01 -6.9569734623e-01  1.0772869007e-01  8.6980833285e-01  3.4480145113e-01  1.0617425530e+00  8.3871381644e-01 -2.6563987948e-01 -1.1940224780e+00  1.0987109523e+00 -1.4317025334e+00  1.3359037943e-01 -3.3216455645e-01  7.6353002755e-01 -2.7898321727e+00  4.0472213409e-01  1.5371986565e+00 -1.2353224468e+00  2.9932586137e-02  8.5053441293e-02 -1.7625424481e+00 -8.8700829086e-01 -2.7600916355e+00  1.1992079913e+00 -1.4352677167e+00 -1.5357725398e+00  2.2098620512e+00 -6.1197702404e-01 -2.8777723550e+00  1.4921874092e+00  3.2110907083e-01 -1.3159778910e+00  3.7413692957e-01  1.7311940113e+00  7.7539491089e-01  9.9741586648e-01 -3.0767299686e-02
ENERGY -3.448539206121e+02

JOB 16
COORDS  6.4411866574e-01 -1.7569183157e+00  1.3592298199e-01 -2.2325911120e+00  1.3802445053e+00 -4.9036853432e-01 -7.2118608736e-01  8.6023211449e-02  8.0883431206e-01  3.6462582118e-01  9.7961838802e-01  7.1227296509e-01 -3.5865965505e-01 -1.2411618379e+00  1.0135556920e+00 -1.5290604349e+00  1.4568785731e-01 -3.4657517376e-01  7.2878826834e-01 -2.8190177299e+00  3.7089826450e-01  1.6123375077e+00 -1.2743721636e+00  3.1416084176e-01  3.5511547481e-01 -1.6482882781e+00 -9.1641081077e-01 -2.8760369237e+00  1.2703056378e+00 -1.3650454827e+00 -1.5497554814e+00  2.2247940615e+00 -6.3987875505e-01 -2.8555277930e+00  1.5804542791e+00  3.9219383716e-01 -1.2808367829e+00  3.8685256052e-01  1.7004411635e+00  7.1087866781e-01  9.2005225908e-01 -1.9459998738e-01
ENERGY -3.448535334764e+02

JOB 17
COORDS  7.1104941213e-01 -1.7711295655e+00  1.8951503889e-01 -2.2760255065e+00  1.4370374758e+00 -4.5259478019e-01 -7.4193244816e-01  6.5099724451e-02  7.3203525208e-01  3.7392538040e-01  9.1119734631e-01  5.9482474490e-01 -4.3462059359e-01 -1.2862568170e+00  8.8910608691e-01 -1.6086697699e+00  1.7642335345e-01 -3.7499777918e-01  7.5830769408e-01 -2.8395033863e+00  4.0633843709e-01  1.6284612939e+00 -1.2887892527e+00  5.4354038218e-01  6.1359919561e-01 -1.6396906830e+00 -8.9663514089e-01 -2.9731792384e+00  1.3673216803e+00 -1.2893594676e+00 -1.5746668479e+00  2.2617106333e+00 -6.2652767222e-01 -2.8386575600e+00  1.6393023569e+00  4.6922625900e-01 -1.2454556400e+00  3.7829571740e-01  1.6533156997e+00  6.6934433171e-01  8.5359731708e-01 -3.3025976191e-01
ENERGY -3.448520295893e+02

JOB 18
COORDS  7.5834236048e-01 -1.7902870506e+00  2.4616588295e-01 -2.3238647033e+00  1.4919314144e+00 -4.1477087065e-01 -7.5784681248e-01  5.5444965614e-02  6.3846464008e-01  3.7827771479e-01  8.6505957594e-01  4.6480161255e-01 -4.9499189211e-01 -1.3152889710e+00  7.3467298351e-01 -1.6745271226e+00  2.1925662380e-01 -4.1799171304e-01  7.6671778049e-01 -2.8602785608e+00  4.6109409117e-01  1.5997427673e+00 -1.3084181923e+00  7.5400302268e-01  8.5628092289e-01 -1.6548031639e+00 -8.3997252793e-01 -3.0561345609e+00  1.4670745003e+00 -1.2235089148e+00 -1.6164318999e+00  2.3122841363e+00 -5.8481617288e-01 -2.8443426219e+00  1.6638896500e+00  5.3742586122e-01 -1.2051299182e+00  3.7057412229e-01  1.5888738272e+00  6.3124304335e-01  8.0894665110e-01 -4.7315219298e-01
ENERGY -3.448502563171e+02

JOB 19
COORDS  7.9112674610e-01 -1.8066164009e+00  3.0850584241e-01 -2.3637228865e+00  1.5321361028e+00 -3.6821969117e-01 -7.5646586104e-01  5.0911578533e-02  5.4378177695e-01  3.9116270891e-01  8.3301574206e-01  3.2052481685e-01 -5.2779565092e-01 -1.3322235149e+00  5.7316449505e-01 -1.7219990175e+00  2.5810907922e-01 -4.5491574086e-01  7.5026551283e-01 -2.8827906483e+00  4.8694743540e-01  1.5328038821e+00 -1.3520236751e+00  9.7288340149e-01  1.0899805602e+00 -1.6396817293e+00 -7.3509531455e-01 -3.1226954706e+00  1.5483071816e+00 -1.1520775639e+00 -1.6566550831e+00  2.3555584283e+00 -5.2429383131e-01 -2.8509812082e+00  1.6608817061e+00  6.0786708986e-01 -1.1372335980e+00  3.6427447397e-01  1.5246355080e+00  5.9489511488e-01  7.7486341059e-01 -6.2945786932e-01
ENERGY -3.448492325417e+02

JOB 20
COORDS  7.0352005652e-01 -1.8823826657e+00  4.6270804462e-01 -1.8330668476e+00  1.9086051375e+00 -6.7046183227e-01 -9.5366701371e-01 -1.5928191185e-01  6.6625405851e-02 -6.9561285780e-01  1.8048211619e-01  1.4084875450e+00 -1.0597917729e-01 -1.1482619369e+00 -4.5486938493e-01 -7.8333010838e-01  9.4457743201e-01 -7.7890465757e-01  1.1749568687e+00 -2.6658480900e+00 -1.3388677687e-01  1.1154189872e-01 -2.3392821967e+00  1.2634928093e+00  1.4883905892e+00 -1.2619440981e+00  9.1169026429e-01 -1.5990347493e+00  2.6985113735e+00 -1.3859384150e+00 -1.8912799444e+00  2.3326616871e+00  3.3897215668e-01 -2.8037566878e+00  1.4643790356e+00 -9.2893788001e-01 -1.9935370480e+00 -5.1502078387e-01  5.5356587728e-02  1.1563945545e-01  7.1880943080e-01  1.4099129526e+00
ENERGY -3.448496480891e+02

JOB 21
COORDS  6.5745032775e-01 -1.9211614015e+00  4.6810765776e-01 -1.8851716889e+00  1.8911803480e+00 -6.7582595349e-01 -8.6737977458e-01 -1.0465009052e-01  7.0779203535e-02 -5.6977281309e-01  2.8006194819e-01  1.3949926477e+00  2.6060458898e-02 -1.0425566247e+00 -4.6363224204e-01 -7.8782176454e-01  9.8417370420e-01 -8.0080382034e-01  1.2044543865e+00 -2.6444235939e+00 -1.3971776998e-01 -7.2986660978e-02 -2.4507608852e+00  1.0926800890e+00  1.3601423542e+00 -1.3943564232e+00  1.1218660854e+00 -1.7152631631e+00  2.6800870687e+00 -1.4102078366e+00 -1.9350902400e+00  2.3281020052e+00  3.2841891844e-01 -2.8374429766e+00  1.3911849266e+00 -8.9812082179e-01 -1.8854728384e+00 -5.1885726044e-01  1.2006723463e-01  2.3533967923e-01  8.2627512509e-01  1.3482341630e+00
ENERGY -3.448514848416e+02

JOB 22
COORDS  6.0146940088e-01 -1.9570612703e+00  4.6563538416e-01 -1.9257365565e+00  1.8609091308e+00 -6.7332696703e-01 -7.8521228588e-01 -6.0493109827e-02  8.2329332263e-02 -4.6940710532e-01  3.8416750477e-01  1.3851518407e+00  1.5572433813e-01 -9.5033937807e-01 -4.4396203718e-01 -7.9840792819e-01  9.9685527731e-01 -8.2702391613e-01  1.2318580876e+00 -2.6283338867e+00 -1.2022228356e-01 -2.4139843550e-01 -2.5248340952e+00  8.8312793492e-01  1.1809554945e+00 -1.5344094323e+00  1.2920695058e+00 -1.8227034834e+00  2.6362788423e+00 -1.4340704744e+00 -1.9472775139e+00  2.3213265207e+00  3.2111971788e-01 -2.8654972006e+00  1.3167406523e+00 -8.3868080636e-01 -1.7731747984e+00 -5.3626418495e-01  1.8352748342e-01  3.3954168895e-01  9.2063814821e-01  1.3005714045e+00
ENERGY -3.448538499395e+02

JOB 23
COORDS  5.6180036153e-01 -1.9815169252e+00  4.4120363747e-01 -1.9492735016e+00  1.8331314918e+00 -6.5966729980e-01 -7.0279424764e-01 -1.4793185973e-02  1.0663305512e-01 -3.9063460063e-01  4.9579405597e-01  1.3861565472e+00  2.8953936386e-01 -8.5718222281e-01 -3.9588129743e-01 -8.0735896071e-01  9.9638806675e-01 -8.4724873575e-01  1.3021341230e+00 -2.5823442860e+00 -8.9481183435e-02 -3.4328294537e-01 -2.5840797809e+00  6.0260481938e-01  9.6018946151e-01 -1.6749760660e+00  1.4138656894e+00 -1.9306030448e+00  2.5623847535e+00 -1.4711009409e+00 -1.9137747597e+00  2.3527199535e+00  3.0449723508e-01 -2.8792956975e+00  1.2510875461e+00 -7.1970867221e-01 -1.6553909211e+00 -5.4987324166e-01  2.4801790264e-01  4.2402438087e-01  1.0191850316e+00  1.2771993881e+00
ENERGY -3.448554748577e+02

