JOB 0
COORDS  5.9271831187e+00  9.4971058933e-01  7.7895370838e-01  4.7760240561e+00  1.5534520209e+00  1.2941248765e+00  5.8083366089e+00 -7.5790041073e-03 -2.3483626498e-01  3.5162508590e+00  1.2003002567e+00  7.9928821088e-01  4.5475578679e+00 -3.5728760111e-01 -7.2568130934e-01  3.3853558858e+00  2.4267679276e-01 -2.1671152563e-01  2.0208993785e+00 -1.7537488841e-01 -7.2051795192e-01  1.5256256596e+00 -1.4248522519e+00  5.9077992349e-03  4.4382783906e-01 -1.9888682920e+00 -6.9375318838e-01  6.9073428841e+00  1.2250070264e+00  1.1595954136e+00  4.8584697998e+00  2.3013753044e+00  2.0787063267e+00  6.6980129091e+00 -4.7811479691e-01 -6.4573884868e-01  2.6253764518e+00  1.6782275663e+00  1.2020023229e+00  4.4644352183e+00 -1.0984835432e+00 -1.5183873882e+00  2.0742889967e+00 -4.1639077916e-01 -1.7876345817e+00  1.2923132297e+00  6.3259124841e-01 -6.0415732173e-01  1.1849334712e+00 -1.2021583699e+00  1.0219912078e+00  2.3097712909e+00 -2.1871374455e+00  4.9223572385e-02
ENERGY -4.101911383503e+02

JOB 1
COORDS  5.9380941999e+00  9.4494263540e-01  7.5373489448e-01  4.7994009790e+00  1.5571786281e+00  1.2855519515e+00  5.7980991843e+00 -1.2627548649e-02 -2.5750860682e-01  3.5301056526e+00  1.2118337296e+00  8.0882559923e-01  4.5282222758e+00 -3.5455576769e-01 -7.2929864758e-01  3.3776233954e+00  2.5363133822e-01 -2.0331287365e-01  2.0035343459e+00 -1.5496719179e-01 -6.8873842047e-01  1.5081096377e+00 -1.4304105877e+00  3.5350043088e-03  6.5764930553e-01 -2.1472402111e+00 -8.5859419358e-01  6.9256649468e+00  1.2136828937e+00  1.1195930146e+00  4.8983029564e+00  2.3049990823e+00  2.0683727207e+00  6.6785406422e+00 -4.8912447971e-01 -6.8128368656e-01  2.6486291063e+00  1.6965873133e+00  1.2238327167e+00  4.4282725721e+00 -1.0970661280e+00 -1.5188059743e+00  2.0464804874e+00 -3.7733380981e-01 -1.7601549859e+00  1.2814661987e+00  6.5595753955e-01 -5.5586190182e-01  9.4925660920e-01 -1.2193938823e+00  9.2029955980e-01  2.3455965590e+00 -2.0940356022e+00  2.3795228716e-01
ENERGY -4.101891318700e+02

JOB 2
COORDS  5.9323365312e+00  9.2350338721e-01  7.1525882536e-01  4.8083453845e+00  1.5576195726e+00  1.2518122613e+00  5.7672735345e+00 -5.3101714512e-02 -2.7425473093e-01  3.5281072236e+00  1.2154715906e+00  8.0142769526e-01  4.4873060284e+00 -3.9135866899e-01 -7.1969934868e-01  3.3506008889e+00  2.3860349552e-01 -1.8778355746e-01  1.9663465989e+00 -1.6431214138e-01 -6.4875753832e-01  1.4905499853e+00 -1.4883084285e+00 -2.4034048798e-02  9.0992738077e-01 -2.3089050895e+00 -1.0102383808e+00  6.9280328877e+00  1.1890992574e+00  1.0608400871e+00  4.9263826856e+00  2.3196101332e+00  2.0181698982e+00  6.6364357528e+00 -5.4693633426e-01 -7.0152022674e-01  2.6581343835e+00  1.7166822278e+00  1.2210581985e+00  4.3674561064e+00 -1.1491911073e+00 -1.4916641035e+00  1.9748408972e+00 -3.2105941178e-01 -1.7323050635e+00  1.2463546261e+00  6.3436132894e-01 -4.4887503276e-01  7.3786247639e-01 -1.3367313951e+00  7.5506116903e-01  2.3308463966e+00 -2.0506554123e+00  3.9204270632e-01
ENERGY -4.101870487264e+02

JOB 3
COORDS  5.9539719412e+00  9.2541887797e-01  6.9494923112e-01  4.8515682113e+00  1.5956727671e+00  1.2317526302e+00  5.7534762718e+00 -7.4179918103e-02 -2.6491054912e-01  3.5572223517e+00  1.2671854398e+00  8.1146117197e-01  4.4603033653e+00 -3.9809229345e-01 -6.8116114918e-01  3.3446821641e+00  2.6820445542e-01 -1.4756375664e-01  1.9464883044e+00 -1.1617974320e-01 -5.8141404429e-01  1.4932437132e+00 -1.4905090690e+00 -5.0901664084e-02  1.1969642604e+00 -2.3535514377e+00 -1.1247705669e+00  6.9601339830e+00  1.1797547921e+00  1.0180059283e+00  4.9968090033e+00  2.3748359545e+00  1.9758657873e+00  6.6057118552e+00 -5.9724404418e-01 -6.9156502954e-01  2.7044940988e+00  1.7955318570e+00  1.2331697035e+00  4.3120728463e+00 -1.1744091437e+00 -1.4293517827e+00  1.8942911998e+00 -1.7037080291e-01 -1.6736242869e+00  1.2365719723e+00  6.5663868902e-01 -2.7220881487e-01  5.8351234353e-01 -1.4183296493e+00  5.5209161404e-01  2.2779062582e+00 -1.9748684588e+00  5.3591472848e-01
ENERGY -4.101861774887e+02

JOB 4
COORDS  5.7082234624e+00  1.3604599203e+00  9.2061496945e-01  4.5171190066e+00  2.0901008174e+00  8.8250517429e-01  5.7505646649e+00  8.0210011844e-02  3.5501008182e-01  3.3758524180e+00  1.5431998751e+00  2.8371264389e-01  4.6106420207e+00 -4.6165434062e-01 -2.4278858621e-01  3.4077425835e+00  2.6334006740e-01 -2.8478029423e-01  2.1712059112e+00 -3.4650832023e-01 -9.0925818718e-01  1.6463244671e+00 -1.5873034172e+00 -1.6950001924e-01  1.9630635904e+00 -2.7554190818e+00 -8.9321849670e-01  6.5954453028e+00  1.7837760087e+00  1.3844421773e+00  4.4739747528e+00  3.0853040012e+00  1.3179540109e+00  6.6737738064e+00 -4.9352682346e-01  3.7724299286e-01  2.4529119889e+00  2.1192041731e+00  2.5900562857e-01  4.6499258203e+00 -1.4565449899e+00 -6.8154824272e-01  2.3642419425e+00 -6.4844897916e-01 -1.9441330256e+00  1.3788018100e+00  4.0794266372e-01 -9.4847148748e-01  5.5575221984e-01 -1.5704793529e+00 -8.2665992723e-02  2.0893278017e+00 -1.6921696611e+00  8.2418377911e-01
ENERGY -4.101871313150e+02

JOB 5
COORDS  5.7222191499e+00  1.3466575505e+00  9.0700071432e-01  4.5307878236e+00  2.0770130820e+00  8.9653927673e-01  5.7574314499e+00  7.5811666221e-02  3.2067455916e-01  3.3826922287e+00  1.5383643358e+00  3.0403349113e-01  4.6103004791e+00 -4.5771579710e-01 -2.7152500393e-01  3.4068976605e+00  2.6751167660e-01 -2.8576160622e-01  2.1589376280e+00 -3.3004969693e-01 -8.9909214807e-01  1.6343988757e+00 -1.5637032260e+00 -1.6118146609e-01  2.2172301537e+00 -2.7319154449e+00 -6.9422871862e-01  6.6154798595e+00  1.7629028165e+00  1.3656689350e+00  4.4931861191e+00  3.0654900256e+00  1.3476193549e+00  6.6807106377e+00 -4.9829423690e-01  3.2318212383e-01  2.4595911836e+00  2.1147383380e+00  3.0024246419e-01  4.6423402080e+00 -1.4461045893e+00 -7.2348756588e-01  2.3251145892e+00 -6.1802669373e-01 -1.9430176017e+00  1.3650417020e+00  4.2522649862e-01 -9.0536413546e-01  5.5391367469e-01 -1.6746300101e+00 -2.9779538869e-01  1.8698368065e+00 -1.5376729009e+00  9.0626509490e-01
ENERGY -4.101891853522e+02

JOB 6
COORDS  5.7404606687e+00  1.3412265074e+00  8.9027516408e-01  4.5183953902e+00  2.0169005011e+00  9.5586916044e-01  5.8146819621e+00  1.1328946862e-01  2.2284481074e-01  3.3799891823e+00  1.4655969995e+00  3.5787034629e-01  4.6757172457e+00 -4.3383193736e-01 -3.7371735598e-01  3.4432863289e+00  2.3608146606e-01 -3.1314006002e-01  2.2019223165e+00 -3.7557393872e-01 -9.2445145528e-01  1.6224352459e+00 -1.5273435383e+00 -1.0837518642e-01  2.4134194067e+00 -2.6811872022e+00 -2.6654293958e-01  6.6272575750e+00  1.7679277786e+00  1.3519286516e+00  4.4508013717e+00  2.9733157620e+00  1.4683963352e+00  6.7613850535e+00 -4.1834789559e-01  1.6699084320e-01  2.4335598084e+00  2.0005596863e+00  4.1045730752e-01  4.7377916411e+00 -1.3908960197e+00 -8.8472193947e-01  2.4012597923e+00 -7.4662645372e-01 -1.9359316529e+00  1.4202209760e+00  3.8801395825e-01 -1.0144303783e+00  6.1729452752e-01 -1.7877715292e+00 -4.5663356336e-01  1.5947865615e+00 -1.2949874125e+00  9.6046324771e-01
ENERGY -4.101907944766e+02

JOB 7
COORDS  5.7497328177e+00  1.3263120497e+00  8.9399196142e-01  4.5136211432e+00  1.9690108912e+00  1.0116412234e+00  5.8404740123e+00  1.3263428004e-01  1.6934418019e-01  3.3786567973e+00  1.4187645291e+00  4.0703435624e-01  4.7037657320e+00 -4.1379234044e-01 -4.3226568862e-01  3.4587019641e+00  2.2327644974e-01 -3.2178820750e-01  2.2214589435e+00 -3.8446740435e-01 -9.4477495359e-01  1.5916851644e+00 -1.4856674383e+00 -9.6752161567e-02  2.5037554632e+00 -2.5353293217e+00  1.0403510275e-01  6.6345893877e+00  1.7523078064e+00  1.3600192983e+00  4.4330984703e+00  2.8990443730e+00  1.5688889265e+00  6.7977609677e+00 -3.7377884407e-01  7.3996952652e-02  2.4211611677e+00  1.9284172615e+00  4.9864453009e-01  4.7791443306e+00 -1.3460021959e+00 -9.8574735565e-01  2.4592414469e+00 -8.0144825785e-01 -1.9299096684e+00  1.4548062553e+00  3.8398608530e-01 -1.0998639255e+00  7.1225488145e-01 -1.9107756212e+00 -5.9196447250e-01  1.3122479348e+00 -1.1130048858e+00  8.9411524020e-01
ENERGY -4.101908003616e+02

JOB 8
COORDS  5.7593815355e+00  1.3018090567e+00  8.6130314902e-01  4.5245125323e+00  1.9379700485e+00  1.0190786245e+00  5.8357378967e+00  1.2265253995e-01  1.1148835993e-01  3.3770564342e+00  1.3972662947e+00  4.2954838258e-01  4.6873533383e+00 -4.1510073366e-01 -4.7491363409e-01  3.4444366746e+00  2.1675577253e-01 -3.2403235681e-01  2.1978656064e+00 -3.7710535639e-01 -9.4214279440e-01  1.5490470527e+00 -1.4727278433e+00 -9.1400454017e-02  2.5106343987e+00 -2.3673374940e+00  4.0142301418e-01  6.6536567722e+00  1.7209076761e+00  1.3155105431e+00  4.4544210232e+00  2.8565413958e+00  1.5963469325e+00  6.7916197931e+00 -3.7945716688e-01 -1.5208906070e-02  2.4205069207e+00  1.9020352158e+00  5.5279772375e-01  4.7530293962e+00 -1.3365531718e+00 -1.0477727147e+00  2.4474641370e+00 -7.9624941364e-01 -1.9236046835e+00  1.4405526928e+00  3.9682109749e-01 -1.1113711979e+00  8.2618971459e-01 -2.0525618826e+00 -6.7422905186e-01  1.0502208539e+00 -1.0426052588e+00  7.8376677742e-01
ENERGY -4.101889258668e+02

JOB 9
COORDS  5.7723053693e+00  1.2836525686e+00  8.6126231299e-01  4.5336826241e+00  1.9032358409e+00  1.0528224318e+00  5.8512720471e+00  1.2672393308e-01  7.8082406947e-02  3.3844937537e+00  1.3671121782e+00  4.6283312484e-01  4.6996100974e+00 -4.0489053375e-01 -5.0760691788e-01  3.4526915136e+00  2.0887928195e-01 -3.2404743290e-01  2.2047464335e+00 -3.8023117831e-01 -9.4546782829e-01  1.5315821584e+00 -1.4659804857e+00 -8.4936560047e-02  2.4658251714e+00 -2.1588469049e+00  6.9726838319e-01  6.6682013399e+00  1.6988821451e+00  1.3157705834e+00  4.4622168530e+00  2.8043525581e+00  1.6568671836e+00  6.8102693204e+00 -3.6184096647e-01 -7.5385279805e-02  2.4246277969e+00  1.8579000246e+00  6.1309674107e-01  4.7676920676e+00 -1.3089266257e+00 -1.1080858274e+00  2.4708416844e+00 -8.1187571664e-01 -1.9164957215e+00  1.4624687481e+00  4.0104542509e-01 -1.1405104373e+00  1.0069423722e+00 -2.2004421546e+00 -7.0369558644e-01  8.2307073026e-01 -1.0170409718e+00  6.1909672984e-01
ENERGY -4.101859189679e+02

JOB 10
COORDS  5.7845464554e+00  1.2680526659e+00  8.5476090621e-01  4.5463173106e+00  1.8799809229e+00  1.0725321162e+00  5.8574315688e+00  1.2666309897e-01  4.8822320464e-02  3.3916517962e+00  1.3515646364e+00  4.8678372053e-01  4.7000887912e+00 -3.9697284885e-01 -5.3313091326e-01  3.4537163518e+00  2.0876401386e-01 -3.2223432962e-01  2.2000528410e+00 -3.7171355592e-01 -9.4129450094e-01  1.5214680527e+00 -1.4694743114e+00 -8.4357734877e-02  2.3690081889e+00 -1.9466993885e+00  9.2429509016e-01  6.6845536293e+00  1.6774800846e+00  1.3063787228e+00  4.4794323700e+00  2.7689621877e+00  1.6948119182e+00  6.8160499487e+00 -3.5529308947e-01 -1.2642374444e-01  2.4319096178e+00  1.8347931025e+00  6.5971517301e-01  4.7646974351e+00 -1.2877258916e+00 -1.1542036903e+00  2.4588918597e+00 -7.9281690241e-01 -1.9181922858e+00  1.4700574413e+00  4.2264725550e-01 -1.1256424453e+00  1.2269708463e+00 -2.3292215031e+00 -6.9344151595e-01  6.3684869411e-01 -1.0752030547e+00  4.2554599806e-01
ENERGY -4.101831828212e+02

JOB 11
COORDS  5.8032166068e+00  1.2505231717e+00  8.5486766782e-01  4.5638932335e+00  1.8503428585e+00  1.1002001642e+00  5.8725287542e+00  1.2537480788e-01  2.6642570884e-02  3.4044949874e+00  1.3264817374e+00  5.2068213387e-01  4.7098296322e+00 -3.9351589939e-01 -5.4983427343e-01  3.4626818344e+00  1.9996059895e-01 -3.1085066087e-01  2.2031712204e+00 -3.7492766245e-01 -9.2383027742e-01  1.5242927741e+00 -1.4759864835e+00 -6.4653720302e-02  2.2230516335e+00 -1.7218559261e+00  1.1246203864e+00  6.7064409119e+00  1.6571389651e+00  1.3025829255e+00  4.5000535419e+00  2.7263384923e+00  1.7409255582e+00  6.8316394529e+00 -3.4677939404e-01 -1.7124063522e-01  2.4439924164e+00  1.7983693371e+00  7.1777007260e-01  4.7722973000e+00 -1.2701269580e+00 -1.1914824577e+00  2.4414344292e+00 -7.9200527981e-01 -1.9072041387e+00  1.4853371412e+00  4.3369869844e-01 -1.0920460108e+00  1.4791747934e+00 -2.4277708422e+00 -6.0234321358e-01  5.1016718477e-01 -1.1843066266e+00  2.2431859805e-01
ENERGY -4.101820837299e+02

JOB 12
COORDS  5.8322611047e+00  1.1960777506e+00  8.7719346090e-01  4.5749638537e+00  1.7369622713e+00  1.1680816930e+00  5.9330386923e+00  1.3358599342e-01 -2.5964397440e-02  3.4295388810e+00  1.2174954274e+00  5.5975486972e-01  4.7828524998e+00 -3.8168727128e-01 -6.3224425957e-01  3.5189528573e+00  1.5304472061e-01 -3.4811179349e-01  2.2734122127e+00 -4.1614911296e-01 -9.9352489088e-01  1.5606202410e+00 -1.5010708634e+00 -1.4807309573e-01  2.0059622462e+00 -1.5081196599e+00  1.1806247175e+00  6.7243749879e+00  1.6006275555e+00  1.3484545758e+00  4.4872017320e+00  2.5634316393e+00  1.8689326080e+00  6.9055448152e+00 -2.9192511519e-01 -2.6082963316e-01  2.4553309215e+00  1.6401112607e+00  7.9550686320e-01  4.8700994493e+00 -1.2075611172e+00 -1.3356732845e+00  2.5197208857e+00 -8.4603920944e-01 -1.9693765870e+00  1.5737799737e+00  4.0511406616e-01 -1.1802639430e+00  1.7685770732e+00 -2.5009870741e+00 -5.4162397502e-01  4.7796882213e-01 -1.3456076492e+00 -1.2574540974e-01
ENERGY -4.101831873842e+02

JOB 13
COORDS  5.8465668081e+00  1.2279013589e+00  8.2382738018e-01  4.6041713503e+00  1.7714048285e+00  1.1693106559e+00  5.9040980327e+00  1.4825179441e-01 -6.2512067665e-02  3.4299127830e+00  1.2381463699e+00  6.3220439469e-01  4.7252467286e+00 -3.8069006859e-01 -5.9812574494e-01  3.4757772874e+00  1.5684250400e-01 -2.5896096946e-01  2.2005459742e+00 -4.2947972873e-01 -8.2501967481e-01  1.5469849974e+00 -1.4928459719e+00  7.7817418513e-02  1.8091342005e+00 -1.2526603604e+00  1.4335416484e+00  6.7605655756e+00  1.6437236977e+00  1.2401514177e+00  4.5504446362e+00  2.6104817623e+00  1.8584967786e+00  6.8644615124e+00 -2.7919458066e-01 -3.3995777314e-01  2.4677890799e+00  1.6606425351e+00  9.1197313446e-01  4.7786972839e+00 -1.2184554723e+00 -1.2910027636e+00  2.3844290291e+00 -8.8725694677e-01 -1.8027676526e+00  1.4862842798e+00  3.8508151052e-01 -9.8748320720e-01  1.9559328329e+00 -2.4858516229e+00 -1.3642879051e-01  4.6054806398e-01 -1.5160710763e+00 -5.1177137591e-02
ENERGY -4.101859193782e+02

JOB 14
COORDS  5.8351283298e+00  1.1874098008e+00  8.2392149271e-01  4.5926599754e+00  1.7209963398e+00  1.1844648135e+00  5.8938446476e+00  1.3868264016e-01 -9.8727045989e-02  3.4181036328e+00  1.2096018229e+00  6.2687237887e-01  4.7145459385e+00 -3.6815934200e-01 -6.5447444154e-01  3.4642614857e+00  1.5932567580e-01 -3.0115440134e-01  2.1910719966e+00 -4.0988491566e-01 -8.8800041144e-01  1.5219055536e+00 -1.4630686362e+00 -4.0159177623e-04  1.4839832781e+00 -1.0457139765e+00  1.3384360873e+00  6.7486320209e+00  1.5871906398e+00  1.2567109231e+00  4.5388880476e+00  2.5356405258e+00  1.9023613920e+00  6.8540516857e+00 -2.8074621801e-01 -3.8872531642e-01  2.4560840154e+00  1.6225841289e+00  9.1931813986e-01  4.7684297920e+00 -1.1808852152e+00 -1.3765853234e+00  2.3846441361e+00 -8.7673673874e-01 -1.8604397641e+00  1.4795855055e+00  4.0514339057e-01 -1.0627355179e+00  2.0885246942e+00 -2.4002888166e+00 -1.4645725626e-02  4.9178609536e-01 -1.6552130059e+00 -3.1726550110e-01
ENERGY -4.101889263544e+02

JOB 15
COORDS  5.8458093905e+00  1.1610838023e+00  8.2583239739e-01  4.6068127928e+00  1.6790157083e+00  1.2193593747e+00  5.8945705353e+00  1.4120366319e-01 -1.2932698604e-01  3.4263077641e+00  1.1803750035e+00  6.6224011267e-01  4.7103468182e+00 -3.5424756104e-01 -6.8486300948e-01  3.4635441883e+00  1.5808943164e-01 -2.9787191344e-01  2.1847455108e+00 -4.0526519123e-01 -8.7714954351e-01  1.5168971366e+00 -1.4439856664e+00  1.9193080141e-02  1.1868609826e+00 -8.8164064156e-01  1.2636981447e+00  6.7640806958e+00  1.5507073421e+00  1.2578018099e+00  4.5602735055e+00  2.4714577253e+00  1.9622011343e+00  6.8522089355e+00 -2.6523859297e-01 -4.4508689713e-01  2.4668240890e+00  1.5804437297e+00  9.7905149840e-01  4.7573993766e+00 -1.1444085039e+00 -1.4321040958e+00  2.3821690202e+00 -8.8808409807e-01 -1.8416359094e+00  1.4665672481e+00  4.0090034041e-01 -1.0648203117e+00  2.1873673000e+00 -2.2863492096e+00  2.1836969980e-01  5.8679179934e-01 -1.8110224406e+00 -4.2751178058e-01
ENERGY -4.101908003453e+02

JOB 16
COORDS  5.8512618357e+00  1.1562147110e+00  8.0958424935e-01  4.6083447910e+00  1.6251376902e+00  1.2500532233e+00  5.9046774646e+00  1.8052333536e-01 -1.9017292441e-01  3.4288956849e+00  1.1218761221e+00  6.9492793582e-01  4.7215398822e+00 -3.2137078044e-01 -7.4309754469e-01  3.4711130038e+00  1.4137396988e-01 -3.0911337565e-01  2.1935375804e+00 -4.3253911010e-01 -8.8113503445e-01  1.4917991469e+00 -1.4132046641e+00  5.3961876418e-02  8.5256092422e-01 -7.1719820221e-01  1.0972908344e+00  6.7686816945e+00  1.5498210143e+00  1.2397211313e+00  4.5581945918e+00  2.3840965362e+00  2.0268860201e+00  6.8651384570e+00 -1.8755838943e-01 -5.4232985054e-01  2.4665011237e+00  1.4847856612e+00  1.0457062135e+00  4.7726281988e+00 -1.0779617957e+00 -1.5238891662e+00  2.4139185559e+00 -9.6781813747e-01 -1.8123072542e+00  1.4811895849e+00  3.6128668116e-01 -1.1319707943e+00  2.1970099662e+00 -2.1127976049e+00  5.1274139026e-01  7.1058251416e-01 -1.9692451480e+00 -4.7514873235e-01
ENERGY -4.101907943352e+02

JOB 17
COORDS  5.8566742383e+00  1.1318923422e+00  8.0666550543e-01  4.6059727357e+00  1.5179581638e+00  1.3034214803e+00  5.9259413220e+00  2.2911149449e-01 -2.5786454950e-01  3.4358466679e+00  1.0054121617e+00  7.3830232504e-01  4.7513798424e+00 -2.8405825662e-01 -8.2035022220e-01  3.4944824800e+00  9.5747916034e-02 -3.3100625002e-01  2.2240002189e+00 -4.8173567694e-01 -9.1671529605e-01  1.4417285174e+00 -1.3703963117e+00  5.2778787887e-02  5.1806846825e-01 -5.9506956367e-01  7.8366155766e-01  6.7671980399e+00  1.5325973768e+00  1.2447673740e+00  4.5432695568e+00  2.2210289020e+00  2.1303479640e+00  6.8921086910e+00 -7.5868356631e-02 -6.5217483520e-01  2.4670487336e+00  1.3066744357e+00  1.1293030776e+00  4.8152412929e+00 -9.8615481014e-01 -1.6493991193e+00  2.4754800721e+00 -1.0807433479e+00 -1.7991557948e+00  1.5459059636e+00  3.0835671207e-01 -1.2576883853e+00  2.0945570571e+00 -1.8690576324e+00  7.7437971555e-01  8.5053017537e-01 -2.1171134242e+00 -4.8696392590e-01
ENERGY -4.101891853253e+02

JOB 18
COORDS  5.8684355573e+00  1.1125726790e+00  7.9871789889e-01  4.6238929449e+00  1.4908309380e+00  1.3171708403e+00  5.9235742744e+00  2.2765580200e-01 -2.8129214849e-01  3.4474525529e+00  9.8733873391e-01  7.5780441059e-01  4.7420796739e+00 -2.7614091173e-01 -8.3843505960e-01  3.4920128338e+00  9.5744465952e-02 -3.2727317475e-01  2.2112045216e+00 -4.6602836851e-01 -9.0595877503e-01  1.4242872084e+00 -1.3561995459e+00  6.9055981319e-02  2.9682600469e-01 -6.6432604692e-01  5.5765073120e-01  6.7844728280e+00  1.5054607667e+00  1.2323107908e+00  4.5714244063e+00  2.1812924934e+00  2.1553205839e+00  6.8847263107e+00 -7.1602722714e-02 -6.9184099892e-01  2.4833143199e+00  1.2857336289e+00  1.1643139180e+00  4.7951341229e+00 -9.6479234177e-01 -1.6793495706e+00  2.4461044865e+00 -1.0428433571e+00 -1.8063649765e+00  1.5378421628e+00  3.3880158862e-01 -1.2194042299e+00  2.0241559928e+00 -1.6494950318e+00  9.3438909435e-01  1.0389082268e+00 -2.2515602235e+00 -4.2790681928e-01
ENERGY -4.101871315805e+02

JOB 19
COORDS  5.8519740970e+00  1.0670915160e+00  7.9107773825e-01  4.6258780992e+00  1.4981261311e+00  1.3123025091e+00  5.8677506061e+00  1.6505180740e-01 -2.7603003999e-01  3.4282897233e+00  1.0283533941e+00  7.6868692060e-01  4.6645165532e+00 -3.0311705224e-01 -8.1729786736e-01  3.4319837270e+00  1.2049456806e-01 -3.0331143528e-01  2.1276541638e+00 -4.0769615002e-01 -8.6065756757e-01  1.4058563669e+00 -1.3875168096e+00  8.5116038338e-02  1.3122215984e-01 -8.8967082451e-01  4.2182335434e-01  6.7845880180e+00  1.4337771642e+00  1.2120103844e+00  4.6043101194e+00  2.2036812973e+00  2.1391433289e+00  6.8144548348e+00 -1.7388183844e-01 -6.8927436939e-01  2.4789670391e+00  1.3694300236e+00  1.1771908819e+00  4.6858653369e+00 -1.0038886376e+00 -1.6495240165e+00  2.3043416918e+00 -8.8474348729e-01 -1.8292150840e+00  1.4343148668e+00  4.2007287700e-01 -1.0413505473e+00  1.9514332971e+00 -1.5181419610e+00  1.0231613247e+00  1.2467786446e+00 -2.3648744846e+00 -3.7951623574e-01
ENERGY -4.101861774789e+02

JOB 20
COORDS  5.9030089849e+00  1.0660076720e+00  8.1083019036e-01  4.6826355393e+00  1.5344893705e+00  1.3121331033e+00  5.9079043606e+00  1.4566910724e-01 -2.4099086283e-01  3.4794252962e+00  1.0828894747e+00  7.6483379094e-01  4.6995244691e+00 -3.0309799349e-01 -7.8626330347e-01  3.4718515788e+00  1.5805842450e-01 -2.9180616980e-01  2.1619314742e+00 -3.5437914747e-01 -8.5083533748e-01  1.5023634835e+00 -1.4153348059e+00  4.8496126424e-02  1.2649954443e-01 -1.1482188933e+00  1.8508118939e-01  6.8398546804e+00  1.4186058672e+00  1.2343589241e+00  4.6695236385e+00  2.2551121861e+00  2.1260127409e+00  6.8504091848e+00 -2.2150791060e-01 -6.3939631478e-01  2.5349476936e+00  1.4545338287e+00  1.1578277265e+00  4.7117846769e+00 -1.0166035500e+00 -1.6077942944e+00  2.3016010881e+00 -7.4361709963e-01 -1.8633734761e+00  1.4489722476e+00  4.7331373666e-01 -9.2407490698e-01  1.9243456532e+00 -1.3929360416e+00  1.0569146942e+00  1.5968447681e+00 -2.4262018322e+00 -3.5862044881e-01
ENERGY -4.101870489406e+02

JOB 21
COORDS  5.8969463297e+00  1.0270787037e+00  7.9400729751e-01  4.6971075583e+00  1.5452019961e+00  1.2951174558e+00  5.8607908489e+00  8.9913117442e-02 -2.4262631871e-01  3.4735925923e+00  1.1276671083e+00  7.6512639401e-01  4.6333888762e+00 -3.2459240255e-01 -7.7117455268e-01  3.4257062175e+00  1.8750781027e-01 -2.7608628432e-01  2.0961568017e+00 -2.9425080859e-01 -8.1514577212e-01  1.5033727158e+00 -1.4173121894e+00  4.4282119573e-02  9.7727504730e-02 -1.3765571643e+00 -1.2794541594e-02  6.8487509475e+00  1.3543000228e+00  1.2043898062e+00  4.7154774814e+00  2.2791669639e+00  2.0968111684e+00  6.7866698280e+00 -3.1597447899e-01 -6.4238953068e-01  2.5460424003e+00  1.5390895488e+00  1.1588216881e+00  4.6140996616e+00 -1.0502859602e+00 -1.5818797348e+00  2.1864688000e+00 -6.1725234506e-01 -1.8564734180e+00  1.3743288825e+00  5.2891791231e-01 -7.9412289042e-01  1.7759578028e+00 -1.2848298362e+00  1.0954412548e+00  1.8201318742e+00 -2.4109988902e+00 -2.8668924516e-01
ENERGY -4.101891291063e+02

JOB 22
COORDS  5.9055133201e+00  1.0022582236e+00  7.8769276542e-01  4.7173033278e+00  1.5311761595e+00  1.3040581628e+00  5.8502285842e+00  7.2704973540e-02 -2.5541554599e-01  3.4856634828e+00  1.1295839961e+00  7.7992607399e-01  4.6148966384e+00 -3.2583268148e-01 -7.7655572908e-01  3.4178066319e+00  1.9788092280e-01 -2.6749875971e-01  2.0783826739e+00 -2.6666553541e-01 -7.9702291268e-01  1.5153135508e+00 -1.4035194132e+00  5.3985579242e-02  1.5052633262e-01 -1.5852240533e+00 -2.3268192751e-01  6.8646860328e+00  1.3154991864e+00  1.1917272252e+00  4.7506148281e+00  2.2589023252e+00  2.1109700454e+00  6.7684541517e+00 -3.4004320263e-01 -6.6560723600e-01  2.5660631624e+00  1.5498674801e+00  1.1828443239e+00  4.5801932507e+00 -1.0461099023e+00 -1.5915688028e+00  2.1557070635e+00 -5.8950841675e-01 -1.8394838203e+00  1.3572162775e+00  5.5719219310e-01 -7.6231873853e-01  1.5891787040e+00 -1.1649720922e+00  1.1194975581e+00  2.0249981789e+00 -2.3531321144e+00 -1.3769555660e-01
ENERGY -4.101911387383e+02

JOB 23
COORDS  5.9140867441e+00  9.7864602203e-01  7.7524208215e-01  4.7409451598e+00  1.5313894433e+00  1.2998901621e+00  5.8323225449e+00  4.6460416819e-02 -2.6434505758e-01  3.4966268755e+00  1.1521004929e+00  7.8798523953e-01  4.5853343343e+00 -3.2973390940e-01 -7.7278057086e-01  3.4025098782e+00  2.1873885299e-01 -2.5542549371e-01  2.0519079628e+00 -2.2692648646e-01 -7.7192598622e-01  1.5240215716e+00 -1.4014569912e+00  4.6271733173e-02  2.6971091761e-01 -1.8025151664e+00 -4.4649138782e-01  6.8826069565e+00  1.2749021979e+00  1.1696856939e+00  4.7953575143e+00  2.2603194784e+00  2.1045403263e+00  6.7389441586e+00 -3.8458665595e-01 -6.8146693791e-01  2.5887031349e+00  1.5912867359e+00  1.1970311003e+00  4.5296936454e+00 -1.0520865355e+00 -1.5848808388e+00  2.1205088193e+00 -5.3435548670e-01 -1.8203034263e+00  1.3267777038e+00  5.9151978703e-01 -7.1617750492e-01  1.3908244603e+00 -1.1277804149e+00  1.0978059761e+00  2.1931949696e+00 -2.2654678955e+00 -1.7854273361e-02
ENERGY -4.101919402191e+02

